Type_L,Type_M,Air temperature [K],Process temperature [K],Rotational speed [rpm],Torque [Nm],Tool wear [min]
0,1,-0.3546423956445589,-1.014674413971504,-0.23903878657512057,-0.059096519305160605,-0.44016225633532224
1,0,-1.6512099574548829,-1.48632220133322,0.5935999535523795,-0.5393120139128602,2.045097193549195
0,1,-1.0029261765497208,-1.2841874353210452,-1.110534001241904,1.161451196156077,1.400188095794352
1,0,-0.7535862608169684,0.06337767142673618,1.498400717824263,-1.1095679137595043,-1.383931667683873
1,0,0.09416945267438409,0.4002689481136815,-0.5998489072970373,0.23103367535365796,0.07891091990638074
1,0,-1.3520020585755685,-1.418943945995854,-0.677561856375604,0.1810112279986892,1.2271637037137844
1,0,0.6925852504329842,0.26551243743887276,1.098734122563063,-0.8094332296296918,-0.188490413309042
1,0,-0.4543783619376542,0.33289069277627714,0.49368330473707955,-0.4092536507899418,1.0384098214440742
0,1,-1.5016060080152256,-1.418943945995854,-0.2556915613776706,-0.5293075244418664,-0.8019405306856001
1,0,1.2910010481916128,1.4109427781745174,1.348525744601313,-1.3196621926503727,1.4159175859834945
1,0,-0.3546423956445589,-0.9472961586340998,-0.10581658815472055,-0.6293524191518038,-0.5030802170918923
1,0,-0.2549064293514636,-0.4082701159350179,-0.827436829598554,1.8817744380676265,1.368729115416067
1,0,-1.0029261765497208,-0.5430266266097884,-0.06696011361543722,-0.759410782274723,-0.14130194274161448
1,0,-1.3520020585755685,-1.216809179983679,1.1930998464441795,-1.0595454664045354,0.2362058217978059
1,0,0.09416945267438409,-0.3408918605976135,-1.0161682773607874,1.1114287488011083,0.39350072368923106
1,0,1.4904729807778032,0.8045384801379929,0.5658453288814629,-0.7394018033327352,-0.7075635895507449
1,0,1.3408690313381462,1.4783210335118835,-0.511034108350104,0.7512671278453332,0.912573899930934
1,0,-0.7037182776704066,-0.07137883924807259,0.2994009320406628,-0.25918630872503556,-0.9592354325770253
1,0,1.2910010481916128,1.0066732461501677,-0.5387887330210206,1.981819332777564,0.9597623704983616
0,1,0.5928492841398889,0.7371602248006268,0.1939333582911795,-0.5693254823258419,-1.6356035107101534
1,0,-0.5042463450842161,0.06337767142673618,0.2438916826988295,-0.4192581402609357,0.5350661353915137
1,0,1.989152812243308,2.084725331548408,1.0043683986819463,-1.1295768927014918,-0.031195511417616863
1,0,-0.8034542439635303,-0.2735136052602091,-0.33340451045623726,-0.21916835084106073,0.5665251157697987
1,0,-1.2522660922824733,-0.8125396479593293,-0.3445063603246039,-0.09911447718913546,0.29912378255437594
1,0,-1.1525301259893779,-1.8905917333575697,0.7157203021044128,-0.21916835084106073,-1.619874020521011
1,0,0.293641385260603,-0.2735136052602091,-0.710867405980704,0.16100224905670216,0.5036071550132286
1,0,-0.953058193403159,-0.8799179032967337,0.5713962538156462,-0.9695050611655915,-1.651333000899296
1,0,-0.3546423956445589,-0.6104048819471545,-0.2556915613776706,-0.19915937189907296,0.6766315470937962
1,0,-1.2522660922824733,-0.7451613926219632,-0.827436829598554,0.4611369331865146,0.5036071550132286
0,0,0.2437734021140412,0.4002689481136815,-0.710867405980704,0.7212536594323522,1.463106056550922
1,0,-1.0527941596962826,-1.48632220133322,-0.18908046216747057,-0.2691907981960295,-0.12557245255247196
1,0,1.1912650818984891,1.2088080121623426,-1.2160015749913873,1.6416666907637767,-0.12557245255247196
1,0,-0.6039823113773113,-0.0040005839106682,-0.011450864273603869,-0.009074071950191864,1.2900816644703543
1,0,-0.8533222271100637,-0.6777831372845589,-0.11136751308890389,-0.3092087560800043,-1.0536123737118803
1,0,0.2437734021140412,-0.13875709458543867,2.2200209592680964,-1.8599046240840353,0.881114919552649
1,0,0.3933773515536983,0.19813418210150666,-0.011450864273603869,-0.6693703770357794,-0.8805879816313127
1,0,1.0915291156053937,1.1414297568249383,-0.28344618604858723,0.4611369331865146,1.1013277822006442
0,0,-0.8533222271100637,0.06337767142673618,-0.16687676243073724,-0.2391773297830478,-0.3615148053896097
1,0,-1.3021340754290351,-0.8125396479593293,-0.05585826374707054,0.13098878064372046,0.8968444097417915
1,0,1.2910010481916128,0.19813418210150666,0.5991508784865629,-0.5793299717968351,-1.4783086088187283
0,1,-0.9031902102566255,-1.3515656906584494,-0.710867405980704,0.7212536594323522,0.9440328803092191
1,0,0.8421891998726413,0.535025458788452,0.46037775513197954,-0.21916835084106073,-1.6985214714667234
1,0,1.7896808796571175,2.084725331548408,-0.7996822049276373,0.41111448583154586,0.18901735123037833
0,1,1.1413970987519555,0.6697819694632224,-0.07251103854962054,-0.2291728403120539,0.9912213508766465
1,0,-1.2023981091359115,-0.9472961586340998,-0.2667934112460372,-0.18915488242807907,0.6923610372829389
0,1,1.1912650818984891,0.7371602248006268,-0.5332378080868373,1.181460175098064,1.1013277822006442
1,0,1.2910010481916128,1.4109427781745174,-0.660909081573054,1.161451196156077,1.1642457429572142
1,0,0.34350936840713653,1.2088080121623426,-1.127186776044454,1.8417564801836517,1.2743521742812118
1,0,-1.7010779406014163,-1.6210787120079904,-0.22793693670675388,0.11097980170173341,-0.44016225633532224
1,0,-0.8034542439635303,-0.6104048819471545,0.22168798296209616,-0.389244671847954,0.2362058217978059
0,1,1.0416611324588603,-0.0040005839106682,-0.044756413878703875,-0.19915937189907296,0.8339264489852214
0,1,0.6925852504329842,0.7371602248006268,1.215303546180913,-1.4597250452442854,-0.31432633482218214
1,0,0.7923212167261079,0.8045384801379929,-0.727520180783254,0.2910606121796206,-0.2985968446330396
0,0,-1.0527941596962826,-0.8799179032967337,0.0329565351998628,-0.4092536507899418,0.18901735123037833
1,0,-0.5042463450842161,0.13075592676410228,-0.03365456401033721,0.35108754900558325,0.8024674686069364
0,1,-0.2050384462049018,-0.6104048819471545,-0.3778119099297039,0.4311234647735329,-0.644645628794175
1,0,1.241133065045051,0.13075592676410228,-1.2881635991357707,1.401558943459927,-0.3457853152004672
1,0,-0.6538502945238731,-0.07137883924807259,0.6213545782232962,-1.0495409769335415,-1.0378828835227378
0,1,-0.8533222271100637,-1.3515656906584494,-0.4222193094031706,0.25104265429564576,1.2900816644703543
1,0,1.6899449133639939,1.7478340548614628,-0.42777023433735395,-0.2491818192540417,0.15755837085209332
1,0,0.34350936840713653,1.545699288849288,-0.660909081573054,1.381549964517939,-0.644645628794175
1,0,-0.055434496765273025,-0.4082701159350179,-0.977311802821504,2.0918687169584955,-0.8019405306856001
1,0,1.6400769302174603,0.9392949908127634,1.0709794978921463,-1.4397160663022976,1.9507202524143399
1,0,-0.9031902102566255,-1.0820526693089085,-0.48327948367918727,0.35108754900558325,0.7867379784177939
0,1,1.1413970987519555,1.1414297568249383,0.8100860259855296,-0.9194826138106228,0.34631225312180347
0,1,-0.6039823113773113,0.33289069277627714,0.7712295514462463,-0.7193928243907481,-1.6356035107101534
0,1,0.7424532335795461,0.535025458788452,0.49368330473707955,-0.35923120343497306,0.9283033901200766
1,0,-0.8533222271100637,-0.3408918605976135,0.0163037603973128,-0.3292177350219914,0.40923021387837355
0,1,-0.7037182776704066,-0.2735136052602091,-1.0827793765709874,1.9418013748935892,1.4473765663617795
1,0,-0.40451037879112073,0.19813418210150666,0.3937666559217795,-0.6693703770357794,1.9664497426034826
1,0,0.04430146952785062,-0.2735136052602091,-1.210450650057204,0.6912401910193705,-0.5188097072810348
1,0,1.4904729807778032,0.8045384801379929,0.3438083315141295,-0.7093883349197543,-0.6131866484158899
1,0,-0.6538502945238731,-0.07137883924807259,-0.5165850332842873,0.3310785700635955,-0.9749649227661678
0,1,-1.0029261765497208,-0.9472961586340998,-0.9051497786771207,1.5716352644668208,1.6675894290097748
0,1,-1.5514739911617874,-1.48632220133322,1.6038682915737463,-1.5397609610122351,-0.2671378642547546
0,0,0.1440374358209459,1.0066732461501677,-0.41666838446898724,0.10097531223073951,-1.2423662559815905
0,1,-0.5541143282307779,0.06337767142673618,0.055160234936596136,0.02093939646278981,-0.67610460917246
1,0,1.4904729807778032,0.8045384801379929,-0.4610757839424539,0.401109996360552,0.5350661353915137
0,0,-0.3546423956445589,-0.9472961586340998,-0.22793693670675388,-0.04909202983416672,-0.9592354325770253
1,0,-1.0527941596962826,-1.6210787120079904,0.06071115987077948,-0.09911447718913546,-1.1479893148467355
0,1,0.6427172672864507,0.26551243743887276,0.5325397792763629,-0.7494062928037292,0.03172244933895319
0,1,-1.102662142842816,-0.13875709458543867,0.7601277015778796,-1.0995634242885104,1.1013277822006442
0,1,0.34350936840713653,0.13075592676410228,-0.9218025534796707,0.41111448583154586,-1.258095746170733
1,0,-1.8506818900410733,-1.8905917333575697,0.5436416291447296,-0.8394466980426727,-1.2738252363598754
1,0,0.8421891998726413,0.8719167354753973,0.24944260763301282,-0.11912345613112324,0.3777712335000885
1,0,1.1912650818984891,0.13075592676410228,-1.1549414007153707,0.5511773384254582,-0.8648584914421701
1,0,0.1440374358209459,0.26551243743887276,1.1264887472339795,-1.4097025978893167,-1.5884150401427257
0,1,-0.5042463450842161,-0.4082701159350179,0.12177133414679615,-0.2691907981960295,-0.5974571582267474
1,0,-0.0055665136187112016,-0.07137883924807259,-0.1779786122991039,0.14099327011471438,-0.5345391974701773
0,1,0.1440374358209459,-0.0040005839106682,-0.011450864273603869,-0.2491818192540417,-1.6041445303318682
1,0,0.7424532335795461,0.26551243743887276,-0.28344618604858723,0.11097980170173341,0.6766315470937962
1,0,-0.8034542439635303,-1.216809179983679,-0.061409188681253876,-0.37924018237696017,1.3844586056052095
1,0,1.3408690313381462,1.3435645228371131,-0.2112841619042039,-0.29920426660901045,-0.4873507269027498
0,1,1.241133065045051,0.19813418210150666,0.948859149340113,-1.269639745295404,1.2271637037137844
0,0,0.04430146952785062,-0.2735136052602091,-0.4222193094031706,0.5111593805414834,0.07891091990638074
0,0,-1.0527941596962826,-1.8232134780201652,0.6879656774334962,-1.1295768927014918,-1.5884150401427257
0,1,-0.055434496765273025,0.06337767142673618,-0.9828627277556873,1.6316622012927828,1.1170572723897867
0,1,-0.6039823113773113,-0.9472961586340998,0.1772805834886295,-0.6293524191518038,-0.73902256992903
0,1,-0.953058193403159,-1.6210787120079904,2.9249884259093797,-2.0800033924458976,0.6609020569046538
0,0,0.8421891998726413,0.06337767142673618,0.6713129026309462,-1.069549955875529,-0.5659981778484624
1,0,-0.8034542439635303,0.06337767142673618,-0.03365456401033721,-0.4792850770868976,-0.25140837406561206
1,0,0.293641385260603,0.13075592676410228,0.46037775513197954,-0.589334461267829,-1.651333000899296
1,0,-0.5042463450842161,-0.8799179032967337,3.9352567639307465,-2.3201111397497476,1.5102945271183497
1,0,0.04430146952785062,-0.2735136052602091,0.038507460134046136,-0.3292177350219914,-0.4873507269027498
1,0,1.1413970987519555,0.8719167354753973,0.41597035565851287,-0.589334461267829,0.330582762932661
0,0,-0.953058193403159,-1.5537004566706243,-0.9051497786771207,1.6216577118217896,0.07891091990638074
0,1,-0.6538502945238731,-0.9472961586340998,1.0154702485503129,-1.5297564715412415,-0.6918340993616025
1,0,0.5429813009933554,1.4783210335118835,-0.7885803550592706,1.4915993486988703,-0.42443276614617975
1,0,-1.3520020585755685,-1.1494309246462746,-0.7164183309148873,0.8112940646712958,-1.3367431971164456
1,0,0.293641385260603,-0.0040005839106682,-0.46662670887663726,0.04094837540477688,1.006950841065789
1,0,0.7424532335795461,0.4676472034510476,-0.4055665346006206,0.3610920384765771,-0.8176700208747426
0,1,0.9917931493122984,0.33289069277627714,1.5761136669028297,-1.4897385136572663,-0.33005582501132463
0,1,0.5429813009933554,0.4676472034510476,0.2438916826988295,0.07096184381775855,-1.6670624910884384
1,0,-0.0055665136187112016,1.0066732461501677,1.165345221773263,-1.1695948505854665,-0.3929737857678947
0,1,-0.5042463450842161,-0.13875709458543867,3.89084936445728,-2.4101515449886914,0.5665251157697987
1,0,-1.0029261765497208,-1.5537004566706243,-0.5776452075603039,0.5611818278964521,1.1957047233354994
1,0,-0.9031902102566255,-0.6777831372845589,-0.8995988537429374,1.781729543357689,-1.5726855499535832
1,0,-1.7010779406014163,-1.8232134780201652,-0.3611591351271539,0.0009304175208020274,0.7867379784177939
1,0,1.2910010481916128,0.13075592676410228,-1.1882469503204707,2.2419360590234017,-0.25140837406561206
0,1,1.0915291156053937,1.1414297568249383,0.6324564280916629,-0.8594556769846605,-1.6670624910884384
1,0,1.1413970987519555,1.1414297568249383,1.4095859188773296,-1.469729534715279,1.4473765663617795
1,0,-0.9031902102566255,-1.0820526693089085,0.7046184522360462,-0.5393120139128602,-0.5345391974701773
1,0,-0.7037182776704066,-0.5430266266097884,0.0163037603973128,0.8413075330842767,-1.0378828835227378
1,0,-1.7010779406014163,-1.7558352226827991,0.5103360795396296,-0.49929405602888544,0.9440328803092191
0,1,1.6899449133639939,1.8825905655362332,-0.07251103854962054,-0.9194826138106228,-1.1165303344684503
1,0,-0.2549064293514636,-0.6104048819471545,1.7370904899941464,-1.7398507504321101,-0.4873507269027498
1,0,0.6427172672864507,0.26551243743887276,-0.8607423792036539,1.0113838540911708,-0.31432633482218214
1,0,1.989152812243308,2.2194818422231783,-1.360325623280154,1.4615858802858894,-0.09411347217418692
1,0,-1.0527941596962826,-1.48632220133322,0.699067527301863,-0.6093434402098168,-0.09411347217418692
1,0,1.6899449133639939,1.2761862674997086,1.2874655703252964,-0.8394466980426727,1.4788355467400645
1,0,-2.199757772066921,-2.5643742867314603,0.1661787336202628,-0.4892895665578915,0.5036071550132286
1,0,0.2437734021140412,1.0740515014875722,-0.07806196348380388,-0.2391773297830478,1.3058111546594968
1,0,-1.5016060080152256,-1.6210787120079904,0.19948428322536282,-0.25918630872503556,-0.15703143293075697
0,1,0.09416945267438409,0.06337767142673618,-0.30009896085113724,0.05095286487577077,1.2586226840920693
1,0,-0.9031902102566255,-0.7451613926219632,-1.4491404222270874,1.401558943459927,-1.415390648062158
0,1,0.7424532335795461,0.26551243743887276,6.1056684131964305,-2.8003266343574476,-1.3682021774947306
0,1,-1.0527941596962826,-1.6210787120079904,-1.8710107172250208,2.7021425746891143,0.330582762932661
1,0,0.34350936840713653,-0.2735136052602091,0.010752835463129468,-0.5393120139128602,0.362041743310946
0,1,-0.30477441249802545,-0.47564837127238396,0.8489425005248129,-1.159590361114473,1.463106056550922
0,1,0.09416945267438409,1.1414297568249383,0.3216046317773962,-0.04909202983416672,-0.6289161386050324
0,0,-1.1525301259893779,-0.2735136052602091,0.8766971251957296,-0.7794197612167101,1.6046714682532046
0,1,-0.40451037879112073,-1.014674413971504,1.1264887472339795,-1.1095679137595043,0.6609020569046538
1,0,-1.3021340754290351,-1.1494309246462746,-0.7996822049276373,0.8713210014972584,-1.3682021774947306
0,1,0.7923212167261079,0.535025458788452,0.6935166023676795,-0.7994287401586979,-0.7862110404964575
0,0,0.6925852504329842,0.4676472034510476,-0.1280202878914539,-0.35923120343497306,-0.3929737857678947
1,0,0.34350936840713653,0.6024037141258181,1.0210211734844963,-0.8994736348686354,-0.5502686876593198
1,0,0.1440374358209459,1.2088080121623426,-0.28344618604858723,-0.1591414140150981,-0.8963174718204552
1,0,0.34350936840713653,0.6697819694632224,-0.6997655561123373,1.201469154040052,-0.2671378642547546
1,0,0.4432453347002318,0.6697819694632224,-0.8718442290720206,1.1214332382721022,0.4406891942566586
0,1,-0.6538502945238731,-0.07137883924807259,3.0193541497904963,-2.1800482871558353,1.5260240173074922
1,0,-0.9031902102566255,-0.6777831372845589,0.5769471787498296,-0.589334461267829,-0.2671378642547546
1,0,-0.15517046305836832,-0.5430266266097884,-0.7053164810465207,0.5411728489544643,0.6137135863372263
1,0,0.3933773515536983,0.535025458788452,0.8322897257222629,-0.7093883349197543,0.6766315470937962
1,0,0.293641385260603,-0.4082701159350179,0.07181300973914614,-0.35923120343497306,0.07891091990638074
1,0,-0.7535862608169684,-0.2735136052602091,0.25499353256719615,-0.7794197612167101,-0.2985968446330396
1,0,1.0915291156053937,1.0066732461501677,-0.3223026605878706,0.04094837540477688,-0.23567888387646954
1,0,0.6925852504329842,0.4676472034510476,0.6546601278283962,-1.1295768927014918,0.0002634689606681657
0,1,-1.3520020585755685,-0.6777831372845589,0.09401670947587948,-0.04909202983416672,0.9440328803092191
1,0,-0.3546423956445589,-0.8125396479593293,0.5380907042105462,-1.0095230190495668,1.463106056550922
0,1,0.1440374358209459,1.0740515014875722,-1.2604089744648541,1.3415320066339642,0.6766315470937962
0,0,-1.1525301259893779,-1.0820526693089085,-1.393631172885254,0.9513569172652081,-0.2671378642547546
1,0,1.4406049976312414,1.613077544186654,-0.6387053818363206,0.9513569172652081,0.7395495078503663
1,0,-0.2050384462049018,0.13075592676410228,-0.39446468473225393,0.801289575200302,-1.5569560597644407
1,0,-0.0055665136187112016,0.9392949908127634,2.1534098600578964,-1.5397609610122351,0.3777712335000885
0,0,0.6427172672864507,0.6697819694632224,0.22723890789627949,-0.3392222244929853,1.1957047233354994
1,0,1.540340963924365,0.8045384801379929,0.49368330473707955,-0.4792850770868976,-1.3367431971164456
1,0,-0.2050384462049018,0.13075592676410228,-1.143839550847004,1.1214332382721022,-1.0693418639010228
0,0,1.390737014484708,0.6697819694632224,-0.5720942826261206,0.35108754900558325,-0.9592354325770253
0,1,-0.055434496765273025,-0.47564837127238396,-0.8329877545327373,1.2815050698080015,-1.6985214714667234
1,0,1.3408690313381462,1.4783210335118835,-0.744172955585804,1.1414422172140892,0.7710084882286514
1,0,-1.4517380248686638,-1.2841874353210452,1.1930998464441795,-0.9695050611655915,1.5417535074966346
0,1,-0.6538502945238731,-0.0040005839106682,-0.4444230091399039,0.02093939646278981,-0.6131866484158899
1,0,0.9419251661657366,0.26551243743887276,-0.9384553282822207,1.1714556856270708,0.7080905274720813
0,1,-0.6039823113773113,-0.20613534992284305,-0.3278535855220539,-0.18915488242807907,0.7710084882286514
0,1,-0.3546423956445589,-1.014674413971504,-0.6498072317046872,0.5411728489544643,-1.1165303344684503
0,1,0.49311331784679363,-0.20613534992284305,-1.393631172885254,1.8417564801836517,0.849655939174364
1,0,1.540340963924365,0.7371602248006268,-0.660909081573054,1.581639753937814,0.07891091990638074
1,0,-0.8533222271100637,-0.07137883924807259,-0.4222193094031706,0.3911055068895581,0.12609939047380828
1,0,1.0915291156053937,0.8719167354753973,0.08291485960751281,0.02093939646278981,0.15755837085209332
1,0,0.34350936840713653,1.2761862674997086,-0.35005728525878727,0.20102020694067702,1.3844586056052095
1,0,-0.5541143282307779,-0.8125396479593293,-0.05030733881288721,-0.169145903486092,-1.3367431971164456
0,0,-1.2522660922824733,-0.8125396479593293,1.581664591837013,-1.5997878978381979,1.1170572723897867
0,1,-1.1525301259893779,-0.5430266266097884,0.8933498999982796,-1.2596352558244104,1.0698688018223592
1,0,-0.8034542439635303,-0.6104048819471545,-0.9828627277556873,0.6112042752514208,-1.1165303344684503
1,0,-0.8533222271100637,-0.6104048819471545,-0.844089604401104,1.2314826224530329,0.8181969587960789
0,0,-0.1053024799118065,0.13075592676410228,-0.710867405980704,0.9713658962071959,0.8339264489852214
1,0,1.0915291156053937,0.4002689481136815,-1.0716775267026206,0.7512671278453332,0.01599295914981068
0,1,0.34350936840713653,-0.3408918605976135,0.46037775513197954,-0.9494960822236042,-1.4783086088187283
0,1,1.7398128965105557,1.613077544186654,0.3715629561850462,-0.8294422085716792,-1.3524726873055881
0,1,0.5429813009933554,0.7371602248006268,0.42152128059269617,-0.2291728403120539,0.7080905274720813
0,0,0.2437734021140412,-0.3408918605976135,0.5325397792763629,-0.5793299717968351,-0.7232930797398875
1,0,1.540340963924365,1.7478340548614628,-0.13912213775982055,0.2110246964116709,0.47214817463494363
0,1,-1.0527941596962826,-1.6210787120079904,-0.18908046216747057,0.01093490699179592,0.912573899930934
0,1,-0.7037182776704066,-1.0820526693089085,-0.8218859046643706,0.24103816482465185,0.9597623704983616
1,0,-0.0055665136187112016,-0.6777831372845589,-0.4721776338108206,1.1714556856270708,-1.6670624910884384
1,0,-0.6039823113773113,0.06337767142673618,0.6324564280916629,-0.9695050611655915,0.17328786104123584
0,1,1.7896808796571175,1.815212310198829,3.52448831880118,-2.2400752239817976,-1.1165303344684503
1,0,0.9917931493122984,0.6024037141258181,-0.0003490144052372012,-0.5793299717968351,-1.4940380990078708
0,1,-0.8034542439635303,-0.6777831372845589,-0.1779786122991039,-0.389244671847954,1.3058111546594968
1,0,-0.5042463450842161,0.06337767142673618,0.4381740553952462,-1.079554445346523,-0.7232930797398875
1,0,-0.1053024799118065,0.7371602248006268,3.35796057077568,-2.230070734510804,1.2900816644703543
1,0,1.7398128965105557,1.613077544186654,0.1939333582911795,-0.7293973138617413,1.0541393116332167
0,0,0.3933773515536983,0.535025458788452,0.4381740553952462,-0.7193928243907481,-1.0693418639010228
0,1,-1.5016060080152256,-1.418943945995854,1.9036182380196465,-1.5797789188962104,-0.1727609231198995
1,0,-0.4543783619376542,0.13075592676410228,-0.6331544569021372,1.2715005803370083,0.7238200176612238
1,0,-0.7037182776704066,-1.0820526693089085,0.11066948427842949,-0.3392222244929853,1.2586226840920693
1,0,1.1413970987519555,1.3435645228371131,-1.027270127229154,1.2214781329820397,0.8968444097417915
0,1,-0.1053024799118065,-0.0040005839106682,-0.4388720842057206,-0.28919977713801653,0.9597623704983616
1,0,-1.601341974308321,-1.216809179983679,0.5769471787498296,-0.5293075244418664,1.3058111546594968
1,0,-0.5541143282307779,-0.6104048819471545,-0.944006253216404,0.44112795424452683,1.4159175859834945
0,0,-0.953058193403159,-0.3408918605976135,-0.05030733881288721,0.02093939646278981,-0.67610460917246
1,0,-0.7037182776704066,-0.2735136052602091,-0.03365456401033721,0.07096184381775855,-0.031195511417616863
0,1,0.8421891998726413,0.06337767142673618,0.5824981036840129,-0.5393120139128602,-1.619874020521011
0,1,-1.4018700417221304,-0.9472961586340998,-0.7497238805199873,0.37109652794757103,0.8181969587960789
1,0,0.3933773515536983,0.4002689481136815,-0.993964577624054,0.8813254909682516,-0.2671378642547546
1,0,1.3408690313381462,0.4676472034510476,2.4309561067670633,-1.9999674766779476,-1.3682021774947306
0,1,0.2437734021140412,-0.13875709458543867,-0.6831127813097873,0.8513120225552707,0.03172244933895319
1,0,0.293641385260603,-0.20613534992284305,0.5547434790130962,-0.959500571694598,0.20474684141952085
1,0,0.8421891998726413,0.6697819694632224,0.25499353256719615,-0.4092536507899418,1.2114342135246419
0,1,0.7424532335795461,0.4002689481136815,-0.7552748054541706,0.7412626383743393,-1.163718805035878
0,1,1.7896808796571175,1.2088080121623426,0.4881323798028962,-0.9194826138106228,-0.06265449179590189
0,1,1.1413970987519555,0.6697819694632224,0.010752835463129468,-0.3392222244929853,0.5507956255806562
1,0,-1.750945923747978,-1.8905917333575697,-0.3223026605878706,-0.17915039295708515,0.8181969587960789
1,0,0.2437734021140412,1.3435645228371131,-0.6886637062439707,0.4611369331865146,-1.3367431971164456
1,0,-1.3520020585755685,-1.216809179983679,0.07736393467332947,-0.6493613980937917,-1.6670624910884384
1,0,-0.9031902102566255,-0.6777831372845589,0.3160537068432128,-0.2791952876670227,-0.33005582501132463
1,0,0.5429813009933554,1.613077544186654,-0.6053998322312206,-0.20916386137006684,0.2519353119869484
1,0,0.3933773515536983,0.8719167354753973,-0.18908046216747057,0.5511773384254582,0.5193366452023711
0,1,-1.0527941596962826,-0.5430266266097884,-0.05585826374707054,-0.18915488242807907,-0.188490413309042
0,1,1.1413970987519555,1.1414297568249383,-0.9495571781505874,1.361540985575952,0.8968444097417915
1,0,-0.40451037879112073,-1.014674413971504,-0.9162516285454874,1.361540985575952,0.5507956255806562
1,0,-0.5042463450842161,0.19813418210150666,1.8259052889410796,-1.5997878978381979,1.7776958603337722
0,0,0.9419251661657366,0.6697819694632224,-0.6053998322312206,0.9813703856781891,1.0384098214440742
0,1,1.3408690313381462,1.1414297568249383,1.3596275944696796,-1.4897385136572663,1.0855982920115017
1,0,-1.102662142842816,-0.7451613926219632,-0.11691843802308721,0.04094837540477688,-1.6670624910884384
1,0,1.0416611324588603,0.6024037141258181,0.7046184522360462,-0.9294871032816167,1.494565036929207
0,1,-1.2522660922824733,-0.9472961586340998,-0.5498905828893873,-0.11912345613112324,-1.2423662559815905
1,0,1.1413970987519555,1.1414297568249383,-0.7719275802567206,0.16100224905670216,0.4406891942566586
0,1,-0.6039823113773113,-0.07137883924807259,1.1209378222997963,-1.2296217874114292,-0.9120469620095977
0,1,1.9392848290967462,1.815212310198829,-0.30009896085113724,0.3310785700635955,1.0384098214440742
1,0,-2.100021805773826,-2.294861265381881,0.5824981036840129,-0.4792850770868976,0.11036990028466577
0,1,0.1440374358209459,0.9392949908127634,-0.8496405293352873,0.8112940646712958,0.17328786104123584
1,0,-1.0527941596962826,-1.48632220133322,-0.4444230091399039,0.6912401910193705,-0.3615148053896097
1,0,-0.953058193403159,-0.0040005839106682,0.07736393467332947,0.09097082275974562,-0.9277764521987402
1,0,-1.2522660922824733,-0.8125396479593293,-0.677561856375604,0.9813703856781891,1.0855982920115017
1,0,0.293641385260603,-0.2735136052602091,-0.7219692558490707,0.24103816482465185,-0.8019405306856001
0,1,-0.8034542439635303,-0.8799179032967337,-0.6553581566388706,2.0718597380165082,0.17328786104123584
1,0,-0.6039823113773113,-0.13875709458543867,-0.4222193094031706,0.0009304175208020274,-0.2828673544438971
1,0,2.088888778536403,2.2194818422231783,-0.41666838446898724,0.591195296309433,-0.9435059423878827
1,0,-0.4543783619376542,-0.8125396479593293,-0.20573323697002055,-0.169145903486092,-0.31432633482218214
1,0,-2.249625755213483,-2.6317525420688264,0.18838243335699617,-0.4892895665578915,0.330582762932661
1,0,1.5902089470708984,1.6804557995240583,-0.11691843802308721,-0.009074071950191864,0.5979840961480837
1,0,0.6427172672864507,0.06337767142673618,0.6824147524993129,-0.8994736348686354,-1.1165303344684503
1,0,-0.9031902102566255,-0.7451613926219632,0.36601203125086285,-0.7994287401586979,-0.45589174652446474
1,0,0.34350936840713653,0.13075592676410228,0.8711462002615462,-1.2496307663534165,-0.5502686876593198
1,0,-0.5541143282307779,0.13075592676410228,-0.7219692558490707,1.4815948592278765,0.5036071550132286
1,0,0.34350936840713653,-0.3408918605976135,0.21613705802791283,-0.45927609814491055,-1.163718805035878
0,1,-0.6538502945238731,0.19813418210150666,-0.3223026605878706,0.15099775958570827,-0.3929737857678947
0,1,0.09416945267438409,1.0740515014875722,-0.41111745953480394,0.14099327011471438,-0.4716212367136073
1,0,-0.5541143282307779,0.06337767142673618,-0.16132583749655388,-0.19915937189907296,-0.8805879816313127
1,0,1.2910010481916128,1.2761862674997086,-0.5054831834159206,0.9513569172652081,-0.5659981778484624
0,1,1.989152812243308,2.084725331548408,0.8600443503931796,-0.8594556769846605,0.12609939047380828
0,1,0.293641385260603,1.0740515014875722,0.5047851546054462,-0.8194377191006853,-0.8805879816313127
1,0,0.8421891998726413,0.4676472034510476,1.2430581708518296,-1.4097025978893167,-1.651333000899296
0,1,-0.7037182776704066,-0.3408918605976135,0.8045351010513463,-1.2196172979404352,-1.0064239031444528
1,0,-1.2023981091359115,-1.0820526693089085,0.48258145486871284,-0.759410782274723,0.34631225312180347
1,0,0.34350936840713653,1.4783210335118835,0.28274815723811286,-0.1491369245441042,0.6294430765263688
1,0,0.4432453347002318,0.26551243743887276,0.010752835463129468,-0.08910998771814158,-1.4311201382513006
1,0,-1.2522660922824733,-0.6777831372845589,-0.3833628348638872,0.35108754900558325,1.3058111546594968
1,0,1.1413970987519555,0.6024037141258181,0.0329565351998628,-0.3292177350219914,-1.415390648062158
0,0,-0.6538502945238731,-1.014674413971504,0.18283150842281282,-0.4392671192029228,1.4788355467400645
1,0,-1.5016060080152256,-1.418943945995854,-0.5720942826261206,0.771276106787321,1.3058111546594968
1,0,-2.199757772066921,-2.6991307974062306,-0.977311802821504,1.001379364620177,-1.4783086088187283
1,0,-0.9031902102566255,-1.3515656906584494,-0.22238601177257056,0.41111448583154586,0.912573899930934
0,1,0.1939054189674794,0.9392949908127634,0.3604611063166795,-0.8294422085716792,0.17328786104123584
1,0,-0.5541143282307779,0.13075592676410228,-0.22793693670675388,1.0213883435621647,0.8181969587960789
0,1,-0.8533222271100637,-0.9472961586340998,0.2771972323039295,-0.28919977713801653,0.4564186844458011
1,0,0.49311331784679363,0.535025458788452,-0.06696011361543722,0.5311683594834704,-1.5726855499535832
0,1,1.6899449133639939,1.9499688208735992,-1.2881635991357707,1.4315724118729078,-0.6289161386050324
1,0,-0.9031902102566255,-0.6777831372845589,0.6213545782232962,-0.8494511875136667,1.400188095794352
1,0,-0.40451037879112073,-1.0820526693089085,-0.5720942826261206,0.1810112279986892,-1.258095746170733
0,1,0.49311331784679363,-0.20613534992284305,-0.15577491256237055,-0.0691010087761545,0.5979840961480837
1,0,0.7424532335795461,0.33289069277627714,0.5824981036840129,-0.5092985454998793,1.2271637037137844
0,1,-1.2522660922824733,-1.1494309246462746,-0.10026566322053722,-0.17915039295708515,-0.5345391974701773
1,0,0.34350936840713653,0.4676472034510476,-0.5387887330210206,0.3210740805926023,-0.9277764521987402
1,0,-1.4018700417221304,-0.9472961586340998,2.1367570852553466,-1.7898731977870788,0.8653854293635065
0,0,0.7424532335795461,0.535025458788452,-0.3611591351271539,-0.12912794560211643,-0.7862110404964575
1,0,2.138756761682965,2.4216166082353534,-0.7219692558490707,1.601648732879802,-1.3996611578730156
1,0,1.390737014484708,0.4002689481136815,0.4326231304610629,-0.20916386137006684,1.5574829976857771
0,1,1.1413970987519555,1.2761862674997086,-0.17242768736492056,0.23103367535365796,0.8024674686069364
0,1,2.03902079538987,2.2194818422231783,1.0321230233528629,-1.1695948505854665,1.0855982920115017
0,0,-0.4543783619376542,0.06337767142673618,-0.6109507571654039,0.2910606121796206,-0.188490413309042
1,0,1.7398128965105557,1.3435645228371131,-0.5443396579552039,1.6816846486477515,-0.31432633482218214
1,0,-1.3021340754290351,-0.7451613926219632,0.9377572994717462,-1.1195724032304977,1.0384098214440742
1,0,0.34350936840713653,0.6024037141258181,0.5436416291447296,-0.2791952876670227,0.11036990028466577
1,0,0.7923212167261079,0.535025458788452,-0.6720109314414207,0.4711414226575085,-0.9749649227661678
1,0,-1.8506818900410733,-1.9579699886949358,-0.6664600065072372,0.8613165120262646,0.5350661353915137
0,1,0.9419251661657366,0.4676472034510476,-0.15577491256237055,-0.2391773297830478,-0.5974571582267474
0,0,0.4432453347002318,1.3435645228371131,1.0043683986819463,-1.2096128084694417,1.4788355467400645
1,0,-0.30477441249802545,-0.6777831372845589,1.448442393416613,-1.5697744294252165,0.31485327274351843
1,0,-1.2522660922824733,-0.7451613926219632,-0.4055665346006206,0.3010651016506145,-1.4625791186295858
1,0,-0.2549064293514636,0.4676472034510476,0.2771972323039295,-0.6493613980937917,-1.619874020521011
1,0,-0.8034542439635303,-0.7451613926219632,0.49368330473707955,-0.5092985454998793,-0.23567888387646954
1,0,0.2437734021140412,0.9392949908127634,-0.5942979823628539,0.7512671278453332,-0.8963174718204552
1,0,-0.0055665136187112016,-0.47564837127238396,-0.7885803550592706,1.1214332382721022,1.0226803312549315
1,0,0.2437734021140412,1.0740515014875722,-0.511034108350104,0.5411728489544643,1.5102945271183497
1,0,0.7424532335795461,0.4002689481136815,2.547525530384913,-1.9799584977359603,1.6046714682532046
0,0,1.9392848290967462,1.815212310198829,-0.7663766553225373,1.001379364620177,0.330582762932661
1,0,-0.7535862608169684,-1.216809179983679,0.6380073530258462,-1.2896487242373915,-1.4940380990078708
1,0,0.1440374358209459,1.0066732461501677,0.6879656774334962,-0.6393569086227977,-1.1008008442793078
1,0,0.5928492841398889,0.4002689481136815,1.5095025676926297,-1.5997878978381979,-0.37724429557875216
0,1,-0.1053024799118065,0.19813418210150666,1.4761970180875297,-1.629801366251179,1.4159175859834945
1,0,-2.199757772066921,-2.6991307974062306,-0.9384553282822207,1.2414871119240267,0.11036990028466577
0,1,1.839548862803651,1.3435645228371131,6.238890611616831,-2.8603535711834103,-0.5817276680376049
1,0,1.1912650818984891,1.2088080121623426,-0.5054831834159206,0.34108305953458934,0.5193366452023711
1,0,-0.6538502945238731,-1.014674413971504,-0.3278535855220539,0.2210291858826648,-0.7862110404964575
1,0,0.2437734021140412,-0.13875709458543867,0.06071115987077948,-0.25918630872503556,0.6294430765263688
1,0,-0.4543783619376542,0.33289069277627714,-0.5665433576919373,0.31106959112160837,-1.0693418639010228
0,1,-0.6538502945238731,-0.5430266266097884,-0.7164183309148873,0.5611818278964521,-0.9592354325770253
1,0,-0.5541143282307779,-0.20613534992284305,-0.4999322584817373,0.8813254909682516,0.6137135863372263
1,0,-0.055434496765273025,0.8719167354753973,-0.6109507571654039,1.8217475012416646,-0.07838398198504441
0,0,-0.7535862608169684,-0.7451613926219632,-0.21683508683838723,0.03094388593378299,1.5574829976857771
0,1,-1.0029261765497208,-0.8799179032967337,-0.8163349797301873,1.3415320066339642,-0.06265449179590189
0,0,2.03902079538987,2.2868600975605444,0.8711462002615462,-1.0395364874625477,-0.67610460917246
1,0,1.1413970987519555,1.3435645228371131,-0.7830294301250873,0.3310785700635955,0.9912213508766465
1,0,-1.601341974308321,-1.3515656906584494,0.7046184522360462,-1.0195275085205602,-1.0536123737118803
1,0,-2.100021805773826,-2.3622395207192852,-0.2556915613776706,0.05095286487577077,-0.2828673544438971
1,0,-0.6039823113773113,-0.9472961586340998,0.5103360795396296,-0.759410782274723,-1.1008008442793078
0,1,-1.2023981091359115,-0.47564837127238396,-0.41666838446898724,0.6212087647224147,1.7305073897663448
0,1,-0.6039823113773113,0.13075592676410228,0.23278983283046284,-0.2491818192540417,-0.5188097072810348
1,0,0.293641385260603,0.6697819694632224,0.13287318401516282,0.07096184381775855,-0.33005582501132463
1,0,-1.0029261765497208,-1.014674413971504,-0.7497238805199873,0.6612267226063896,1.463106056550922
1,0,-0.8533222271100637,-1.3515656906584494,-0.2945480359169539,0.23103367535365796,-0.3457853152004672
0,0,-0.7535862608169684,-0.4082701159350179,0.18838243335699617,-0.6393569086227977,0.5507956255806562
1,0,1.0915291156053937,0.8045384801379929,2.1589607849920798,-1.6898283030771413,-1.6670624910884384
0,0,-1.1525301259893779,-1.8905917333575697,-0.6109507571654039,0.41111448583154586,-1.289554726549018
1,0,-1.0527941596962826,-1.48632220133322,-0.4888304086133706,-0.17915039295708515,-0.44016225633532224
0,1,1.3408690313381462,1.4783210335118835,0.25499353256719615,-0.4492716086739167,0.9283033901200766
1,0,-0.6039823113773113,-0.13875709458543867,0.0995676344100628,-0.2791952876670227,0.4878776648240861
0,1,0.2437734021140412,-0.13875709458543867,-0.3667100600613373,0.23103367535365796,0.20474684141952085
0,1,0.34350936840713653,0.8719167354753973,-1.060575676834254,1.3015140487499894,-1.1479893148467355
0,1,0.1440374358209459,-0.13875709458543867,-0.5276868831526539,0.20102020694067702,-1.651333000899296
1,0,-0.4543783619376542,-1.0820526693089085,0.8544934254589962,-0.8394466980426727,-0.67610460917246
1,0,0.1939054189674794,-0.2735136052602091,0.021854685331496135,-0.18915488242807907,1.5889419780640621
1,0,-0.7037182776704066,-0.13875709458543867,4.062928037416963,-2.3801380765757103,1.7305073897663448
1,0,1.1912650818984891,0.13075592676410228,-0.7719275802567206,1.3715454750469458,1.0541393116332167
0,0,-1.3520020585755685,-1.3515656906584494,-0.8607423792036539,0.9113389593812333,1.5417535074966346
0,1,-0.8533222271100637,-1.5537004566706243,-0.10581658815472055,0.14099327011471438,-1.5412265695752982
1,0,-0.6538502945238731,-0.07137883924807259,0.4326231304610629,-0.6993838454487604,1.494565036929207
1,0,0.4432453347002318,0.4676472034510476,1.115386897365613,-1.469729534715279,0.881114919552649
1,0,0.6925852504329842,0.06337767142673618,-0.20573323697002055,0.6612267226063896,-1.1165303344684503
1,0,0.3933773515536983,0.9392949908127634,-0.2612424863118539,0.060957354346764664,-1.383931667683873
1,0,1.3408690313381462,0.4002689481136815,-0.2112841619042039,0.8713210014972584,-1.6356035107101534
0,1,0.49311331784679363,0.6697819694632224,-0.6442563067705039,-0.13913243507311032,1.431647076172637
0,1,-2.1498897889203876,-2.5643742867314603,1.1098359724314295,-1.4097025978893167,-0.21994939368732705
0,1,-0.7037182776704066,-0.6104048819471545,-1.110534001241904,1.1114287488011083,-1.163718805035878
1,0,-0.7037182776704066,-1.1494309246462746,-0.6498072317046872,0.04094837540477688,1.1170572723897867
1,0,1.3408690313381462,0.7371602248006268,1.0598776480237797,-1.189603829527454,0.42495970406751604
0,1,0.1440374358209459,-0.3408918605976135,-0.744172955585804,0.9413524277942142,-0.4873507269027498
1,0,-1.1525301259893779,-1.014674413971504,-0.9218025534796707,1.6716801591767583,1.494565036929207
0,1,1.8894168459502128,1.9499688208735992,0.30495185697484617,-0.4792850770868976,-0.6131866484158899
1,0,-1.601341974308321,-1.3515656906584494,-0.017001789207787204,0.04094837540477688,1.7147778995772023
1,0,0.8421891998726413,0.4676472034510476,-1.227103424859754,1.5016038381698644,1.3529996252269245
1,0,-1.0029261765497208,-1.48632220133322,0.982164698945213,-1.3396711715923602,-1.5569560597644407
1,0,0.6925852504329842,0.19813418210150666,0.5547434790130962,-0.7293973138617413,0.9912213508766465
0,0,1.9392848290967462,2.152103586885774,0.7823314013146129,-1.0895589348175165,1.463106056550922
0,1,-1.3021340754290351,-1.3515656906584494,-1.0217192022949706,1.5116083276408583,-0.7075635895507449
0,1,1.4904729807778032,0.7371602248006268,-0.927353478413854,1.4315724118729078,0.1418288806629508
1,0,1.7896808796571175,1.9499688208735992,1.8536599136119964,-1.6498103451931665,-1.5884150401427257
0,1,0.4432453347002318,0.8719167354753973,1.4539933183507963,-1.5397609610122351,-0.12557245255247196
1,0,1.4406049976312414,1.545699288849288,-0.5776452075603039,0.771276106787321,1.0226803312549315
1,0,-0.3546423956445589,-0.6777831372845589,-0.6886637062439707,0.7612716173163271,0.7552789980395088
0,0,-1.2522660922824733,-1.2841874353210452,0.0496093100024128,-0.17915039295708515,0.1418288806629508
0,1,1.7398128965105557,1.545699288849288,-0.03920548894452054,0.17100673852769604,-1.195177785414163
1,0,1.989152812243308,2.152103586885774,0.24944260763301282,-0.12912794560211643,-0.06265449179590189
1,0,-0.8034542439635303,-1.014674413971504,1.1209378222997963,-0.7193928243907481,0.06318142971723822
0,1,0.49311331784679363,1.0740515014875722,-0.5054831834159206,0.3911055068895581,0.5822546059589412
0,1,-0.7037182776704066,0.06337767142673618,0.3160537068432128,-0.6993838454487604,-1.4625791186295858
1,0,1.9392848290967462,2.084725331548408,0.699067527301863,-1.0395364874625477,-1.6985214714667234
0,1,-1.4018700417221304,-0.9472961586340998,-0.5276868831526539,0.11097980170173341,-0.8176700208747426
1,0,1.4904729807778032,0.8045384801379929,0.6935166023676795,-1.0195275085205602,1.2271637037137844
0,1,-1.2522660922824733,-0.7451613926219632,-1.4380385723587208,0.8513120225552707,-1.3996611578730156
1,0,0.9419251661657366,0.6024037141258181,0.0163037603973128,-0.3292177350219914,-0.10984296236332944
0,1,1.7398128965105557,1.7478340548614628,0.5713962538156462,-1.0595454664045354,-1.415390648062158
0,1,-1.102662142842816,-1.1494309246462746,0.15507688375189616,-0.4392671192029228,0.362041743310946
1,0,-0.7037182776704066,-0.20613534992284305,0.9100026748008296,-1.389693618947329,-1.619874020521011
1,0,1.2910010481916128,1.4109427781745174,0.7157203021044128,-1.1295768927014918,1.1327867625789292
1,0,0.7923212167261079,0.4002689481136815,-1.210450650057204,2.0818642274875017,-0.5502686876593198
0,1,0.4432453347002318,0.535025458788452,1.3929331440747796,-1.3796891294763354,1.3058111546594968
1,0,-1.0029261765497208,-1.1494309246462746,-0.744172955585804,1.6216577118217896,1.7305073897663448
1,0,-0.8034542439635303,-1.216809179983679,-0.3778119099297039,0.7012446804903645,1.6675894290097748
0,0,0.34350936840713653,1.2761862674997086,-1.1660432505837373,1.9217923959516021,0.20474684141952085
1,0,-1.0527941596962826,-1.418943945995854,-0.6276035319679539,0.3610920384765771,-0.2985968446330396
1,0,-1.2023981091359115,-1.014674413971504,0.1939333582911795,-0.28919977713801653,0.20474684141952085
1,0,1.5902089470708984,0.9392949908127634,-1.0550247519000706,1.1114287488011083,-1.5569560597644407
1,0,0.09416945267438409,1.2088080121623426,-0.8884970038745706,1.1014242593301145,-0.9749649227661678
1,0,1.1912650818984891,1.2088080121623426,-0.41111745953480394,0.02093939646278981,0.5507956255806562
1,0,0.04430146952785062,1.0066732461501677,-1.1382886259128207,1.401558943459927,-1.289554726549018
1,0,-0.9031902102566255,-1.1494309246462746,-1.3048163739383207,0.9813703856781891,-0.9906944129553102
1,0,1.390737014484708,1.4783210335118835,0.7934332511829796,-0.9094781243396293,-0.7862110404964575
0,0,0.7923212167261079,0.33289069277627714,1.3707294443380462,-1.2896487242373915,-1.1479893148467355
1,0,-1.601341974308321,-1.6210787120079904,-1.3048163739383207,0.8713210014972584,0.5350661353915137
1,0,1.1413970987519555,1.1414297568249383,-0.16132583749655388,-0.12912794560211643,0.5193366452023711
1,0,0.5429813009933554,0.06337767142673618,0.7046184522360462,-1.2796442347663979,-1.0693418639010228
1,0,-0.6538502945238731,-1.014674413971504,-0.910700703611304,0.6412177436644018,-0.9435059423878827
1,0,1.9392848290967462,2.0173470762110037,-0.3112008107195039,0.5011548910704895,-0.4716212367136073
0,1,-2.100021805773826,-2.496996031394056,-1.6878301943969707,3.6225556060205393,-0.2985968446330396
1,0,0.7923212167261079,0.535025458788452,-0.8163349797301873,0.24103816482465185,-1.651333000899296
1,0,-0.8034542439635303,-0.9472961586340998,-0.2667934112460372,0.20102020694067702,0.18901735123037833
1,0,1.839548862803651,1.815212310198829,-1.1327377009786372,1.1114287488011083,0.8339264489852214
1,0,1.1413970987519555,0.06337767142673618,-1.0328210521633374,1.0914197698591206,-1.1322598246575928
1,0,1.839548862803651,2.084725331548408,-0.6442563067705039,0.1209842911727273,0.2519353119869484
1,0,0.7424532335795461,0.6024037141258181,6.777330330232614,-3.2005062131971975,-1.4625791186295858
1,0,-0.3546423956445589,-0.5430266266097884,-0.15577491256237055,-0.2791952876670227,0.330582762932661
0,1,1.241133065045051,1.2088080121623426,2.6862986537394966,-2.0900078819168915,-0.5345391974701773
1,0,1.1912650818984891,1.2761862674997086,-0.48327948367918727,0.31106959112160837,0.4564186844458011
0,0,-1.5016060080152256,-1.2841874353210452,-0.7164183309148873,0.7612716173163271,-0.45589174652446474
1,0,-1.0527941596962826,-0.6777831372845589,-0.8718442290720206,0.3911055068895581,0.12609939047380828
0,1,-0.953058193403159,-0.2735136052602091,0.055160234936596136,-0.12912794560211643,-1.0221533933335953
1,0,-0.15517046305836832,0.6024037141258181,-0.3445063603246039,0.04094837540477688,-0.3929737857678947
0,0,-0.3546423956445589,-0.6777831372845589,-0.6331544569021372,0.060957354346764664,0.2362058217978059
0,0,1.540340963924365,1.8825905655362332,-0.5776452075603039,0.1910157174696831,0.11036990028466577
0,1,0.34350936840713653,-0.2735136052602091,-0.6553581566388706,0.9813703856781891,0.8968444097417915
1,0,-0.6538502945238731,-0.13875709458543867,0.8655952753273629,-1.0995634242885104,0.5822546059589412
0,1,1.1413970987519555,1.1414297568249383,-0.2501406364434872,-0.28919977713801653,0.09464041009552325
1,0,0.34350936840713653,1.2761862674997086,-0.2945480359169539,-0.4192581402609357,-1.195177785414163
1,0,0.4432453347002318,0.535025458788452,-0.35005728525878727,-0.09911447718913546,-1.5412265695752982
0,0,0.6925852504329842,-0.07137883924807259,-0.4388720842057206,0.7212536594323522,-1.3524726873055881
0,1,-1.0029261765497208,-1.014674413971504,0.7046184522360462,-0.8994736348686354,1.4159175859834945
1,0,-1.102662142842816,-1.8232134780201652,-1.177145100452104,2.1018732064294894,1.2271637037137844
1,0,-1.2522660922824733,-1.0820526693089085,0.3604611063166795,-0.18915488242807907,-0.031195511417616863
1,0,0.3933773515536983,0.7371602248006268,-0.16687676243073724,-0.6593658875647855,1.006950841065789
1,0,0.4432453347002318,-0.0040005839106682,5.861427716092364,-2.630250313350554,1.5574829976857771
1,0,0.7923212167261079,0.4002689481136815,-1.7599922185413541,3.0022772588189266,-0.7232930797398875
1,0,-0.5042463450842161,0.19813418210150666,-0.5998489072970373,-0.009074071950191864,0.7710084882286514
0,1,-0.7037182776704066,0.13075592676410228,0.7157203021044128,-0.8494511875136667,-1.5884150401427257
0,1,0.34350936840713653,1.0066732461501677,0.1661787336202628,-0.35923120343497306,-1.383931667683873
1,0,-0.6538502945238731,-0.2735136052602091,0.699067527301863,-0.8894691453976414,1.1013277822006442
0,0,-1.4517380248686638,-1.216809179983679,1.3929331440747796,-0.9695050611655915,0.31485327274351843
1,0,-0.5042463450842161,0.19813418210150666,-0.35560821019297056,0.24103816482465185,-0.23567888387646954
0,1,-0.4543783619376542,0.26551243743887276,-0.6498072317046872,0.9313479383232204,-0.6131866484158899
0,0,1.3408690313381462,1.0066732461501677,0.09401670947587948,-0.49929405602888544,0.881114919552649
1,0,0.3933773515536983,1.7478340548614628,-0.9051497786771207,1.361540985575952,0.17328786104123584
0,0,1.390737014484708,1.613077544186654,-0.710867405980704,1.381549964517939,2.170933115062335
1,0,0.7923212167261079,0.6024037141258181,0.5769471787498296,-0.589334461267829,-1.0064239031444528
0,1,1.0915291156053937,1.0740515014875722,0.2938500071064795,-0.2291728403120539,-0.45589174652446474
1,0,0.3933773515536983,0.535025458788452,-0.7330711057174373,0.5111593805414834,-0.8963174718204552
1,0,-0.1053024799118065,-0.5430266266097884,-0.5554415078235706,-0.389244671847954,1.494565036929207
1,0,0.7424532335795461,0.535025458788452,-1.0494738269658874,1.8517609696546455,-1.4940380990078708
0,1,0.34350936840713653,0.535025458788452,-0.41111745953480394,0.5211638700124772,-0.25140837406561206
1,0,-1.3021340754290351,-1.1494309246462746,0.1772805834886295,-0.2291728403120539,0.849655939174364
0,1,1.3408690313381462,1.3435645228371131,-0.005899939339420535,-0.3292177350219914,-0.5345391974701773
0,1,1.8894168459502128,1.8825905655362332,-0.660909081573054,0.791285085729308,1.4473765663617795
0,0,0.2437734021140412,-0.07137883924807259,-0.7885803550592706,0.591195296309433,1.6046714682532046
0,1,-1.3021340754290351,-0.6777831372845589,-0.23348786164093724,0.1810112279986892,0.5665251157697987
1,0,0.2437734021140412,1.0066732461501677,-0.2889971109827706,0.3010651016506145,-0.4716212367136073
1,0,-0.5042463450842161,0.26551243743887276,-0.48327948367918727,0.6212087647224147,0.9440328803092191
1,0,1.8894168459502128,1.7478340548614628,0.14397503388352947,-0.39924916131894794,1.1170572723897867
0,1,-0.055434496765273025,0.8045384801379929,0.22168798296209616,-0.4492716086739167,0.849655939174364
1,0,0.6925852504329842,0.4002689481136815,0.21613705802791283,-0.6993838454487604,1.1485162527680717
1,0,-1.0029261765497208,-1.48632220133322,-1.5157515214372874,2.0518507590745205,-0.42443276614617975
1,0,-0.30477441249802545,-0.47564837127238396,0.02740561026567947,-0.39924916131894794,1.400188095794352
0,1,-0.9031902102566255,-0.6777831372845589,0.8600443503931796,-1.1996083189984479,-1.619874020521011
0,1,0.1939054189674794,0.535025458788452,-0.2667934112460372,-0.4092536507899418,0.6294430765263688
1,0,0.6427172672864507,0.535025458788452,-0.4943813335475539,0.6912401910193705,-0.770481550307315
1,0,-1.0029261765497208,-1.216809179983679,-1.060575676834254,1.8817744380676265,1.4788355467400645
0,1,0.34350936840713653,0.535025458788452,-0.18352953723328722,0.401109996360552,-0.1727609231198995
0,1,-0.6538502945238731,0.06337767142673618,0.8544934254589962,-0.8094332296296918,-0.8963174718204552
0,1,1.2910010481916128,1.613077544186654,-0.7164183309148873,1.0313928330331579,-1.1794482952250205
1,0,-0.30477441249802545,-0.8799179032967337,-0.8773951540062039,1.6716801591767583,-0.09411347217418692
1,0,-0.0055665136187112016,-0.2735136052602091,-0.23903878657512057,-0.11912345613112324,-1.2738252363598754
1,0,-0.30477441249802545,0.535025458788452,-0.8218859046643706,0.8913299804392455,0.4878776648240861
1,0,0.7424532335795461,0.33289069277627714,0.2771972323039295,-0.3292177350219914,0.15755837085209332
0,0,-1.5514739911617874,-1.5537004566706243,0.6491092028942129,-0.9194826138106228,1.1485162527680717
0,1,-0.0055665136187112016,-0.6104048819471545,-0.3611591351271539,0.5211638700124772,0.6923610372829389
1,0,0.34350936840713653,1.2761862674997086,-0.42777023433735395,-0.029083050892178934,1.1485162527680717
1,0,0.9917931493122984,0.33289069277627714,2.4365070317012463,-1.7998776872580728,-0.031195511417616863
1,0,0.4432453347002318,0.4676472034510476,-0.8329877545327373,1.001379364620177,1.6675894290097748
1,0,-0.5042463450842161,0.06337767142673618,0.6935166023676795,-1.0295319979915543,-0.2985968446330396
1,0,-0.30477441249802545,-0.4082701159350179,0.8989008249324629,-0.8794646559266479,1.431647076172637
1,0,1.1912650818984891,1.0740515014875722,0.46037775513197954,-0.49929405602888544,-0.6289161386050324
0,1,0.6427172672864507,0.26551243743887276,0.2105861330937295,0.8313030436132829,-0.4716212367136073
0,1,-1.5514739911617874,-1.48632220133322,-0.3445063603246039,-0.2791952876670227,0.8181969587960789
1,0,0.3933773515536983,-0.4082701159350179,2.25887743380738,-1.949945029322979,0.04745193952809571
0,1,1.1413970987519555,1.1414297568249383,-0.2945480359169539,-0.03908754036317282,0.6137135863372263
0,1,0.04430146952785062,0.33289069277627714,-1.1660432505837373,1.7417115854737142,-0.14130194274161448
1,0,1.6899449133639939,1.2088080121623426,-1.2937145240699541,2.1018732064294894,1.6833189191989173
1,0,-0.7037182776704066,-0.3408918605976135,-0.3112008107195039,0.3210740805926023,-0.25140837406561206
1,0,-1.3520020585755685,-0.8799179032967337,-0.18352953723328722,-0.0691010087761545,1.2428931939029269
1,0,0.1939054189674794,-0.13875709458543867,-0.7996822049276373,0.8112940646712958,1.463106056550922
0,1,-1.1525301259893779,-1.216809179983679,1.0043683986819463,-1.4397160663022976,1.0384098214440742
0,1,-2.249625755213483,-2.6991307974062306,-0.6442563067705039,0.5311683594834704,1.5260240173074922
1,0,-0.7037182776704066,-0.0040005839106682,-0.12246936295727055,0.1209842911727273,-0.6918340993616025
1,0,1.7398128965105557,2.0173470762110037,-0.31675173565368725,-0.1491369245441042,-0.4087032759570372
1,0,-1.2023981091359115,-0.3408918605976135,2.1367570852553466,-1.9399405398519851,-1.1165303344684503
1,0,1.3408690313381462,1.4783210335118835,-1.127186776044454,0.6812357015483766,1.1170572723897867
1,0,0.6925852504329842,0.6697819694632224,-1.1382886259128207,1.3315275171629704,0.7710084882286514
1,0,0.7424532335795461,0.26551243743887276,-0.6331544569021372,1.4415769013439017,-1.5884150401427257
0,0,-0.1053024799118065,-0.5430266266097884,-0.5776452075603039,0.2610471437666396,0.04745193952809571
1,0,1.5902089470708984,0.8719167354753973,-0.810784054796004,1.2915095592789956,-1.5097675891970133
1,0,-1.9005498731876351,-2.0927264993697445,-0.1280202878914539,-0.08910998771814158,0.47214817463494363
1,0,-1.4018700417221304,-1.3515656906584494,-0.3611591351271539,0.37109652794757103,0.849655939174364
0,1,0.04430146952785062,0.9392949908127634,2.07569691097933,-1.8098821767290667,-1.4625791186295858
1,0,0.3933773515536983,1.2088080121623426,-1.1993488001888373,2.1118776959004832,1.1013277822006442
1,0,-0.6039823113773113,-0.7451613926219632,-0.43332115927153725,0.791285085729308,1.5417535074966346
1,0,1.1413970987519555,1.0740515014875722,0.02740561026567947,-0.5693254823258419,-1.6985214714667234
1,0,-0.3546423956445589,-0.6777831372845589,-0.1280202878914539,-0.12912794560211643,-0.6918340993616025
1,0,-1.2522660922824733,-1.0820526693089085,-0.061409188681253876,-0.009074071950191864,0.8181969587960789
1,0,-1.0029261765497208,-0.6104048819471545,1.5705627419686463,-1.6498103451931665,0.22047633160866337
1,0,0.9917931493122984,0.8719167354753973,0.15507688375189616,0.11097980170173341,-1.289554726549018
1,0,-1.1525301259893779,-1.216809179983679,2.597483854792563,-2.0699989029749037,1.1485162527680717
1,0,-0.953058193403159,-1.48632220133322,1.231956320983463,-1.1795993400564604,-0.5030802170918923
1,0,-0.30477441249802545,-0.47564837127238396,-0.960659028018954,0.8413075330842767,0.12609939047380828
1,0,0.1939054189674794,0.7371602248006268,-0.2889971109827706,-0.25918630872503556,0.849655939174364
1,0,-0.4543783619376542,-0.13875709458543867,-0.7830294301250873,1.5416217960538392,1.7147778995772023
1,0,0.9917931493122984,0.6024037141258181,0.038507460134046136,-0.559320992854848,-1.5884150401427257
1,0,0.2437734021140412,0.8719167354753973,-0.2723443361802206,0.1810112279986892,-1.0850713540901653
1,0,0.34350936840713653,1.1414297568249383,-0.08361288841798721,0.35108754900558325,1.7934253505229147
1,0,1.0416611324588603,0.6697819694632224,-1.043922902031704,0.9513569172652081,1.3844586056052095
1,0,0.3933773515536983,1.613077544186654,-0.9662099529531373,0.45113244371552075,0.330582762932661
1,0,1.1413970987519555,0.9392949908127634,0.3882157309875962,-0.7694152717457169,-0.9277764521987402
1,0,0.1440374358209459,0.6697819694632224,0.4104194307243295,-0.5293075244418664,0.5350661353915137
0,1,1.1413970987519555,0.6024037141258181,0.948859149340113,-0.959500571694598,1.7305073897663448
1,0,-1.9005498731876351,-2.0927264993697445,-0.07251103854962054,-0.5092985454998793,0.5036071550132286
1,0,1.1912650818984891,1.2088080121623426,-0.17242768736492056,0.571186317367446,0.0002634689606681657
1,0,0.6427172672864507,0.4002689481136815,-0.16132583749655388,-0.1491369245441042,-0.9592354325770253
0,1,-0.0055665136187112016,0.9392949908127634,-0.03365456401033721,0.2610471437666396,1.1327867625789292
1,0,-0.8034542439635303,-0.47564837127238396,1.481747943021713,-1.2396262768824227,-0.6918340993616025
1,0,-1.601341974308321,-1.2841874353210452,-1.3880802479510708,2.2019181011394267,1.431647076172637
1,0,-0.2549064293514636,-0.9472961586340998,0.7379240018411463,-0.9494960822236042,1.0855982920115017
0,1,0.1440374358209459,-0.4082701159350179,0.40486850579014616,-0.6893793559777665,0.6609020569046538
1,0,-2.0501538226272924,-2.294861265381881,0.7712295514462463,-1.3296666821213665,-0.8648584914421701
1,0,0.1939054189674794,-0.07137883924807259,-0.23903878657512057,-0.8194377191006853,0.7238200176612238
0,1,-0.7037182776704066,-0.4082701159350179,-0.41111745953480394,0.11097980170173341,-1.226636765792448
0,0,0.1939054189674794,-0.2735136052602091,-0.6831127813097873,0.3310785700635955,-0.6603751189833175
1,0,-1.0029261765497208,-1.014674413971504,0.6935166023676795,-1.1695948505854665,1.3844586056052095
1,0,-0.1053024799118065,0.7371602248006268,0.3549101813824962,-0.4892895665578915,1.1170572723897867
0,0,-1.3520020585755685,-0.9472961586340998,-0.22238601177257056,-0.2391773297830478,0.6137135863372263
1,0,0.3933773515536983,1.1414297568249383,-0.5942979823628539,0.5811908068384392,-1.6041445303318682
0,1,-0.2050384462049018,-0.6104048819471545,-0.5776452075603039,0.8413075330842767,0.5507956255806562
0,1,0.4432453347002318,0.4676472034510476,-0.660909081573054,0.3010651016506145,0.39350072368923106
0,1,1.6400769302174603,1.2088080121623426,-0.5443396579552039,0.4911504015994956,-0.73902256992903
1,0,0.4432453347002318,0.8719167354753973,2.2977339083466632,-2.0599944135039103,-0.015466021228474349
1,0,-0.7535862608169684,-0.20613534992284305,0.5269888543421796,-0.21916835084106073,-0.4716212367136073
1,0,-1.2522660922824733,-1.0820526693089085,-0.5887470574286706,1.001379364620177,1.7305073897663448
1,0,-1.5514739911617874,-1.48632220133322,-0.7719275802567206,1.7116981170607333,1.4788355467400645
1,0,-1.2023981091359115,-0.8799179032967337,-0.35005728525878727,-0.09911447718913546,-1.0064239031444528
1,0,-0.6538502945238731,-0.13875709458543867,-0.8052331298618206,0.03094388593378299,-1.5254970793861558
1,0,0.9419251661657366,0.4676472034510476,0.9877156238793963,-1.3196621926503727,-1.2738252363598754
0,1,-1.4018700417221304,-1.2841874353210452,0.08291485960751281,0.13098878064372046,0.6137135863372263
0,0,-0.6039823113773113,-0.07137883924807259,-0.07251103854962054,0.2110246964116709,-1.226636765792448
0,1,-1.3520020585755685,-0.8125396479593293,0.0496093100024128,0.13098878064372046,0.5036071550132286
1,0,-1.2023981091359115,-0.3408918605976135,0.055160234936596136,-0.5092985454998793,-0.6289161386050324
1,0,-0.6039823113773113,-0.20613534992284305,-0.6387053818363206,0.9613614067362021,0.330582762932661
1,0,-0.7535862608169684,-1.3515656906584494,-0.7497238805199873,0.8112940646712958,-1.195177785414163
1,0,1.0915291156053937,0.8719167354753973,-0.05030733881288721,-0.2691907981960295,1.5574829976857771
1,0,-0.4543783619376542,-0.8125396479593293,-0.6997655561123373,0.2110246964116709,-0.3457853152004672
1,0,2.188624744829499,2.4216166082353534,0.1661787336202628,-0.1591414140150981,-1.5254970793861558
1,0,-1.601341974308321,-1.6210787120079904,-1.1160849261760875,0.44112795424452683,0.31485327274351843
1,0,0.34350936840713653,-0.13875709458543867,-1.160492325649554,1.4415769013439017,0.9912213508766465
0,1,-1.3021340754290351,-0.9472961586340998,-0.061409188681253876,-1.0895589348175165,0.8653854293635065
1,0,0.5429813009933554,0.8045384801379929,2.0590441361767797,-1.9799584977359603,-1.0536123737118803
1,0,1.4904729807778032,0.7371602248006268,2.447608881569613,-1.9799584977359603,0.4564186844458011
1,0,1.1413970987519555,0.9392949908127634,-0.5831961324944873,0.03094388593378299,0.39350072368923106
1,0,-1.102662142842816,-1.48632220133322,1.231956320983463,-1.1095679137595043,0.31485327274351843
0,1,0.2437734021140412,-0.4082701159350179,1.8758636133487296,-1.6197968767801851,-1.2109072756033055
0,1,1.8894168459502128,1.815212310198829,0.08846578454169614,-0.6593658875647855,0.31485327274351843
1,0,0.7424532335795461,0.06337767142673618,0.010752835463129468,0.2210291858826648,-0.8805879816313127
1,0,1.5902089470708984,0.9392949908127634,-1.6711774195944207,1.4615858802858894,1.856343311279485
1,0,0.34350936840713653,0.33289069277627714,-0.5054831834159206,-0.17915039295708515,1.7305073897663448
0,1,-1.1525301259893779,-1.2841874353210452,3.60775219281393,-2.4401650134016726,1.2271637037137844
1,0,-1.1525301259893779,-0.8799179032967337,0.8267388007880796,-1.2796442347663979,0.2676648021760909
1,0,0.34350936840713653,-0.07137883924807259,1.3096692700620296,-1.3396711715923602,0.6451725667155113
0,1,0.3933773515536983,0.9392949908127634,1.0709794978921463,-1.3096577031793792,-0.9906944129553102
1,0,-0.9031902102566255,-0.8799179032967337,3.59109941801138,-2.2200662450398103,-1.2109072756033055
1,0,1.1912650818984891,0.6697819694632224,-0.35560821019297056,0.791285085729308,-0.45589174652446474
1,0,0.7424532335795461,0.6024037141258181,0.3382574065799462,-0.09911447718913546,0.8181969587960789
1,0,-0.9031902102566255,-1.48632220133322,-0.13357121282563722,0.6712312120773835,-0.5345391974701773
0,1,-1.0029261765497208,-1.014674413971504,0.7934332511829796,-0.6993838454487604,-0.7862110404964575
1,0,1.390737014484708,1.4109427781745174,-0.10581658815472055,-0.009074071950191864,-0.9435059423878827
1,0,-1.3021340754290351,-1.014674413971504,0.1661787336202628,-0.5793299717968351,-0.5659981778484624
1,0,0.6925852504329842,0.26551243743887276,-0.23903878657512057,-0.4792850770868976,0.7080905274720813
0,0,0.8920571830192031,-0.07137883924807259,-0.6720109314414207,1.1314377277430954,0.12609939047380828
1,0,1.2910010481916128,0.33289069277627714,-0.15577491256237055,-0.2791952876670227,1.400188095794352
1,0,-1.4018700417221304,-0.9472961586340998,-1.1327377009786372,1.3015140487499894,-1.0850713540901653
1,0,1.7896808796571175,1.8825905655362332,0.8989008249324629,-0.9194826138106228,-1.5097675891970133
1,0,-0.8533222271100637,-1.2841874353210452,-0.7053164810465207,1.2314826224530329,1.7305073897663448
0,1,0.34350936840713653,0.6697819694632224,-0.6997655561123373,0.4311234647735329,-0.5659981778484624
1,0,-1.6512099574548829,-1.2841874353210452,-0.4943813335475539,0.09097082275974562,1.368729115416067
1,0,-0.5042463450842161,-0.9472961586340998,-1.3436728484776042,1.4215679224019147,0.03172244933895319
1,0,2.03902079538987,2.354238352897949,-0.3889137597980706,0.4611369331865146,0.07891091990638074
1,0,-0.9031902102566255,-1.48632220133322,-0.061409188681253876,-0.8894691453976414,1.3529996252269245
0,1,-1.601341974308321,-1.6884569673453949,-0.1280202878914539,-0.3292177350219914,0.42495970406751604
0,0,2.03902079538987,2.152103586885774,0.2605444575013795,-0.5393120139128602,0.4878776648240861
1,0,0.34350936840713653,-0.3408918605976135,-0.33340451045623726,0.3610920384765771,2.07655617392748
1,0,1.839548862803651,1.815212310198829,-0.9995155025582373,1.6816846486477515,1.3529996252269245
1,0,-1.4517380248686638,-1.0820526693089085,0.021854685331496135,-0.03908754036317282,1.5260240173074922
0,1,0.8920571830192031,0.6024037141258181,-1.0716775267026206,0.4611369331865146,0.5350661353915137
1,0,-0.2549064293514636,-0.0040005839106682,-0.7053164810465207,0.8913299804392455,-0.8176700208747426
1,0,1.1413970987519555,1.0066732461501677,-0.1779786122991039,-0.2491818192540417,-0.8333995110638851
0,0,-1.0527941596962826,-0.6104048819471545,-0.5776452075603039,0.4711414226575085,-1.5726855499535832
1,0,0.34350936840713653,-0.2735136052602091,-0.18908046216747057,-0.5092985454998793,-1.5884150401427257
0,0,-1.6512099574548829,-1.418943945995854,-0.6387053818363206,1.381549964517939,0.39350072368923106
0,1,0.5429813009933554,1.0740515014875722,-1.5157515214372874,1.551626285524833,1.6046714682532046
1,0,0.1939054189674794,0.7371602248006268,-0.7885803550592706,1.0814152803881265,1.2743521742812118
1,0,-1.2522660922824733,-1.014674413971504,-1.1049830763077206,1.7417115854737142,0.5507956255806562
1,0,-0.055434496765273025,-0.3408918605976135,0.15507688375189616,-0.4492716086739167,0.9912213508766465
1,0,-0.8034542439635303,-0.6104048819471545,-0.40001560966643723,0.25104265429564576,0.4878776648240861
0,1,-0.2050384462049018,-0.6104048819471545,-0.960659028018954,1.5216128171118521,-0.20421990349818453
0,1,1.839548862803651,1.9499688208735992,0.14952595881771283,-0.7394018033327352,-1.5569560597644407
1,0,0.09416945267438409,0.9392949908127634,0.16062780868607948,0.10097531223073951,-1.195177785414163
0,0,-1.6512099574548829,-1.418943945995854,0.22168798296209616,-0.6593658875647855,-0.9120469620095977
1,0,-0.40451037879112073,-0.9472961586340998,-1.510200596503104,2.8221964483410393,-0.5030802170918923
1,0,0.09416945267438409,1.0740515014875722,1.265261870588563,-1.3596801505343479,-1.383931667683873
1,0,1.2910010481916128,0.26551243743887276,-0.9662099529531373,2.6821335957471266,-0.44016225633532224
1,0,-0.3546423956445589,0.26551243743887276,0.49923422967126285,-0.7394018033327352,1.0855982920115017
1,0,-0.5541143282307779,0.06337767142673618,-0.2445897115093039,0.2910606121796206,1.0541393116332167
1,0,1.0915291156053937,0.8045384801379929,-0.8773951540062039,0.9413524277942142,1.5574829976857771
0,0,0.34350936840713653,0.4676472034510476,-0.6165016820995873,0.34108305953458934,-1.289554726549018
0,1,-1.4018700417221304,-0.9472961586340998,-1.4158348726219874,1.1314377277430954,-1.195177785414163
0,1,0.5928492841398889,0.4676472034510476,2.347692232754313,-1.749855239903104,-1.258095746170733
0,0,1.1413970987519555,0.9392949908127634,-0.927353478413854,0.601199785780427,-0.3457853152004672
0,1,-0.7535862608169684,-0.8799179032967337,0.42152128059269617,-0.6693703770357794,-1.0536123737118803
0,0,-0.4543783619376542,-0.8125396479593293,0.07736393467332947,-0.7394018033327352,-0.2828673544438971
1,0,-0.5042463450842161,-0.0040005839106682,-0.3056498857853206,-0.03908754036317282,1.6361304486314896
1,0,-0.9031902102566255,-1.48632220133322,-0.10026566322053722,0.2910606121796206,-0.7547520601181725
0,1,-1.3021340754290351,-1.014674413971504,-0.23348786164093724,-0.35923120343497306,-0.8176700208747426
0,0,0.8920571830192031,0.4002689481136815,-0.5443396579552039,0.6312132541934079,-0.12557245255247196
0,1,0.04430146952785062,0.9392949908127634,-1.093881226439354,0.8513120225552707,1.494565036929207
1,0,1.7398128965105557,1.1414297568249383,2.3310394579517633,-1.7698642188450915,0.7710084882286514
1,0,1.9392848290967462,2.152103586885774,0.28274815723811286,-0.8094332296296918,-1.619874020521011
1,0,-1.601341974308321,-1.48632220133322,-0.3278535855220539,-0.059096519305160605,0.22047633160866337
1,0,0.9419251661657366,0.4002689481136815,-0.40001560966643723,-0.0691010087761545,-1.195177785414163
1,0,-0.8533222271100637,-1.0820526693089085,0.25499353256719615,-0.9394915927526102,0.29912378255437594
1,0,-1.2522660922824733,-0.9472961586340998,1.4095859188773296,-1.3296666821213665,-0.5974571582267474
1,0,-1.4018700417221304,-0.9472961586340998,1.8037015892043464,-1.6398058557221726,-0.07838398198504441
0,0,-0.4543783619376542,-0.0040005839106682,0.6546601278283962,-0.6893793559777665,1.2428931939029269
0,0,0.2437734021140412,0.4002689481136815,-0.8940479288087539,1.151446706685083,0.912573899930934
1,0,-1.2522660922824733,-0.4082701159350179,1.498400717824263,-1.5697744294252165,0.03172244933895319
0,1,1.7398128965105557,1.6804557995240583,-1.0328210521633374,1.1014242593301145,1.006950841065789
0,1,0.6427172672864507,0.4002689481136815,-0.8940479288087539,0.9413524277942142,1.0226803312549315
0,0,-0.5042463450842161,0.19813418210150666,0.6602110527625795,-1.2396262768824227,-0.6131866484158899
1,0,1.6400769302174603,1.0066732461501677,-0.7053164810465207,1.561630774995827,-0.644645628794175
1,0,-0.953058193403159,-1.5537004566706243,0.6158036532891129,-0.589334461267829,0.47214817463494363
1,0,-0.0055665136187112016,0.9392949908127634,0.3604611063166795,-0.12912794560211643,1.2114342135246419
0,1,0.3933773515536983,0.26551243743887276,-0.11691843802308721,-0.39924916131894794,-0.770481550307315
1,0,-1.601341974308321,-1.3515656906584494,-0.9329044033480374,1.4515813908148956,-0.3457853152004672
1,0,1.1413970987519555,0.8045384801379929,1.215303546180913,-1.5597699399542229,-0.6289161386050324
1,0,-1.3021340754290351,-0.4082701159350179,-0.4055665346006206,0.5511773384254582,-0.8648584914421701
1,0,-1.0029261765497208,-0.5430266266097884,0.699067527301863,-0.3392222244929853,-1.3524726873055881
1,0,-1.0029261765497208,-0.2735136052602091,-0.017001789207787204,-0.2691907981960295,0.18901735123037833
0,1,0.9917931493122984,0.4002689481136815,-0.8163349797301873,2.0518507590745205,-1.5412265695752982
1,0,-0.7535862608169684,-0.4082701159350179,0.0496093100024128,-0.2291728403120539,-1.0221533933335953
0,1,0.34350936840713653,1.613077544186654,-0.9329044033480374,2.171904632726446,-0.09411347217418692
1,0,0.9419251661657366,-0.07137883924807259,-0.9162516285454874,0.8513120225552707,1.1327867625789292
0,1,0.1939054189674794,0.19813418210150666,-0.011450864273603869,-0.49929405602888544,-1.1794482952250205
1,0,-1.3520020585755685,-0.6777831372845589,0.0496093100024128,-0.25918630872503556,0.9912213508766465
0,1,1.2910010481916128,1.545699288849288,0.14952595881771283,-0.3392222244929853,-0.9749649227661678
1,0,0.1440374358209459,0.13075592676410228,-0.2612424863118539,1.2314826224530329,-1.6670624910884384
0,0,-1.3520020585755685,-0.9472961586340998,-0.9051497786771207,1.351536496104958,0.06318142971723822
1,0,-1.3520020585755685,-1.2841874353210452,-0.39446468473225393,0.9813703856781891,-1.6985214714667234
1,0,-1.7010779406014163,-1.6210787120079904,1.498400717824263,-1.4897385136572663,-0.3457853152004672
1,0,1.241133065045051,0.19813418210150666,-0.744172955585804,1.7417115854737142,0.6923610372829389
1,0,-0.953058193403159,-0.3408918605976135,-0.40001560966643723,0.1810112279986892,-0.9435059423878827
1,0,-0.40451037879112073,-1.014674413971504,0.02740561026567947,0.16100224905670216,0.5979840961480837
0,1,0.04430146952785062,0.8719167354753973,0.6158036532891129,-0.6193479296808106,-1.1008008442793078
1,0,0.8421891998726413,0.4002689481136815,1.132039672168163,-1.3796891294763354,-0.5817276680376049
1,0,1.1912650818984891,0.19813418210150666,-0.9162516285454874,1.1214332382721022,0.8653854293635065
0,1,1.241133065045051,0.19813418210150666,-0.511034108350104,-0.07910549824714767,1.006950841065789
1,0,-1.3520020585755685,-1.1494309246462746,-0.794131279993454,0.591195296309433,-0.6918340993616025
0,1,-1.0527941596962826,-1.014674413971504,-0.4999322584817373,0.08096633328875173,0.7710084882286514
1,0,-1.3021340754290351,-0.47564837127238396,-1.1493904757811872,1.3215230276919772,0.11036990028466577
1,0,0.9419251661657366,0.33289069277627714,-1.1049830763077206,1.5716352644668208,1.5102945271183497
1,0,0.5429813009933554,0.7371602248006268,0.9544100742742962,-1.0895589348175165,0.975491860687504
1,0,0.34350936840713653,0.535025458788452,0.38266480605341285,-0.04909202983416672,1.4788355467400645
0,1,1.0915291156053937,0.4002689481136815,0.17172965855444616,-0.5393120139128602,0.8653854293635065
1,0,0.7424532335795461,0.4676472034510476,0.16062780868607948,-0.6893793559777665,-1.1008008442793078
0,1,1.7398128965105557,1.0740515014875722,0.1273222590809795,-0.5793299717968351,-0.015466021228474349
0,0,-0.8034542439635303,-1.418943945995854,0.36601203125086285,-0.8994736348686354,-1.415390648062158
1,0,1.0416611324588603,0.8045384801379929,0.06071115987077948,-0.5193030349708732,1.0855982920115017
0,0,-0.40451037879112073,0.33289069277627714,-1.1660432505837373,0.8913299804392455,-1.226636765792448
1,0,0.1939054189674794,-0.07137883924807259,0.7878823262487963,-1.1395813821724852,1.5417535074966346
1,0,0.1440374358209459,0.7371602248006268,-0.3278535855220539,0.6612267226063896,1.2114342135246419
0,1,-0.8533222271100637,-0.5430266266097884,-0.9995155025582373,1.1414422172140892,-1.3682021774947306
1,0,-0.1053024799118065,-0.4082701159350179,-0.3278535855220539,0.09097082275974562,-1.6670624910884384
1,0,0.34350936840713653,0.06337767142673618,1.0099193236161297,-0.7694152717457169,0.975491860687504
1,0,-1.3021340754290351,-1.1494309246462746,1.4539933183507963,-1.3096577031793792,-1.5254970793861558
1,0,1.241133065045051,1.0066732461501677,2.4753635062405297,-2.1200213503298726,1.2900816644703543
1,0,1.6400769302174603,1.1414297568249383,-0.0003490144052372012,-0.1491369245441042,1.7776958603337722
0,1,0.293641385260603,0.4676472034510476,-0.8385386794669206,0.2910606121796206,1.2900816644703543
1,0,-0.6039823113773113,-0.20613534992284305,1.115386897365613,-1.149585871643479,0.6923610372829389
0,1,-1.2023981091359115,-0.5430266266097884,-0.5387887330210206,0.8112940646712958,-1.6985214714667234
1,0,-1.3021340754290351,-1.1494309246462746,-0.960659028018954,0.5511773384254582,-1.5254970793861558
1,0,-0.5042463450842161,-0.8125396479593293,-1.2715108243332207,1.0714107909171333,0.06318142971723822
0,1,0.8920571830192031,-0.2735136052602091,-0.5720942826261206,0.9013344699102395,1.6675894290097748
1,0,1.1413970987519555,0.535025458788452,-0.41111745953480394,0.38110101741856417,-1.5884150401427257
1,0,-0.15517046305836832,0.7371602248006268,0.3549101813824962,-0.8594556769846605,0.5193366452023711
0,0,1.7398128965105557,1.545699288849288,-0.8496405293352873,0.9013344699102395,-1.1479893148467355
0,1,0.3933773515536983,0.19813418210150666,1.8259052889410796,-1.549765450483229,-0.20421990349818453
0,1,1.390737014484708,1.4783210335118835,-0.48327948367918727,1.0313928330331579,-0.7547520601181725
1,0,2.03902079538987,2.2194818422231783,1.0709794978921463,-1.149585871643479,0.3777712335000885
0,1,0.4432453347002318,0.7371602248006268,0.038507460134046136,-0.2291728403120539,0.39350072368923106
0,0,0.49311331784679363,-0.0040005839106682,-1.8155014678831873,2.7921829799280586,-1.226636765792448
1,0,-0.055434496765273025,-0.0040005839106682,-0.760825730388354,0.4711414226575085,1.5102945271183497
1,0,0.4432453347002318,0.4676472034510476,-0.39446468473225393,-0.37924018237696017,1.5732124878749196
1,0,-0.40451037879112073,0.26551243743887276,-0.37226098499552057,0.3310785700635955,-1.195177785414163
0,1,-0.055434496765273025,0.33289069277627714,0.20503520815954615,-0.059096519305160605,1.1799752331463567
1,0,0.34350936840713653,0.13075592676410228,0.5713962538156462,-0.7394018033327352,-1.289554726549018
0,0,-0.8533222271100637,-1.418943945995854,-0.660909081573054,-0.07910549824714767,1.0698688018223592
1,0,0.34350936840713653,1.2761862674997086,-0.777478505190904,1.0213883435621647,1.7934253505229147
0,1,1.241133065045051,0.26551243743887276,0.23278983283046284,-0.7293973138617413,1.1485162527680717
1,0,-0.7037182776704066,-0.4082701159350179,-0.511034108350104,0.02093939646278981,1.0226803312549315
0,1,1.6899449133639939,1.2088080121623426,-1.2382052747281207,1.0914197698591206,-0.6131866484158899
1,0,0.09416945267438409,1.0740515014875722,0.005201910528946133,-0.2291728403120539,-0.5817276680376049
1,0,-1.2522660922824733,-1.0820526693089085,1.1542433719048963,-0.8994736348686354,-0.9906944129553102
1,0,-1.2522660922824733,-0.8799179032967337,1.231956320983463,-1.3796891294763354,0.881114919552649
1,0,-0.40451037879112073,0.19813418210150666,-0.4222193094031706,-0.10911896666012935,0.8181969587960789
1,0,0.1440374358209459,1.1414297568249383,-1.143839550847004,1.5216128171118521,-1.415390648062158
1,0,1.6899449133639939,1.8825905655362332,-0.993964577624054,1.0814152803881265,-0.21994939368732705
1,0,-1.601341974308321,-1.418943945995854,-0.927353478413854,0.9013344699102395,0.5036071550132286
1,0,-0.1053024799118065,0.19813418210150666,-0.08361288841798721,-0.5793299717968351,1.3844586056052095
0,1,0.49311331784679363,0.6024037141258181,-0.13357121282563722,0.1810112279986892,0.975491860687504
0,0,0.3933773515536983,1.2761862674997086,-0.5998489072970373,0.8513120225552707,-1.3052842167381606
0,0,0.4432453347002318,0.4676472034510476,0.3882157309875962,-1.1295768927014918,-1.0850713540901653
1,0,-0.7535862608169684,-1.216809179983679,-0.5276868831526539,0.05095286487577077,0.975491860687504
0,1,-0.0055665136187112016,0.9392949908127634,1.8037015892043464,-1.669819324135154,-1.6670624910884384
0,1,0.8920571830192031,0.7371602248006268,0.6879656774334962,-0.8394466980426727,1.431647076172637
0,1,0.3933773515536983,0.535025458788452,-0.43332115927153725,0.13098878064372046,-0.8648584914421701
0,1,-1.0527941596962826,-0.6777831372845589,-0.07806196348380388,-0.1491369245441042,0.07891091990638074
1,0,-0.3546423956445589,0.33289069277627714,-0.05585826374707054,0.13098878064372046,-1.4311201382513006
0,0,0.9419251661657366,0.6697819694632224,-1.127186776044454,2.361989932675327,0.04745193952809571
1,0,-0.6039823113773113,-1.0820526693089085,-0.3056498857853206,-0.07910549824714767,-1.5726855499535832
1,0,-1.4517380248686638,-0.8799179032967337,-0.3611591351271539,0.23103367535365796,-0.6918340993616025
1,0,-0.0055665136187112016,0.9392949908127634,-0.35005728525878727,-0.09911447718913546,-0.25140837406561206
0,0,0.09416945267438409,1.0066732461501677,-0.5942979823628539,0.3610920384765771,0.29912378255437594
1,0,0.6427172672864507,0.26551243743887276,-0.1779786122991039,-0.08910998771814158,1.3529996252269245
0,1,-0.4543783619376542,-0.9472961586340998,-0.22238601177257056,0.5111593805414834,1.2114342135246419
0,0,-1.0527941596962826,-1.0820526693089085,0.5436416291447296,-0.5493165033838542,1.3058111546594968
1,0,-1.2023981091359115,-1.1494309246462746,-0.6387053818363206,1.3915544539889328,0.3777712335000885
0,1,1.241133065045051,1.4109427781745174,-0.4721776338108206,0.7612716173163271,-1.1165303344684503
1,0,0.4432453347002318,0.6697819694632224,3.8630947397863635,-2.4201560344596853,0.7552789980395088
1,0,-0.40451037879112073,-1.014674413971504,-0.13357121282563722,-0.019078561421185754,0.5193366452023711
1,0,-1.3021340754290351,-1.1494309246462746,-0.2723443361802206,0.2610471437666396,0.881114919552649
1,0,-0.15517046305836832,-0.47564837127238396,-0.677561856375604,1.4615858802858894,0.362041743310946
1,0,-0.5042463450842161,-0.8799179032967337,0.2438916826988295,-0.7494062928037292,-1.3052842167381606
1,0,-0.2050384462049018,0.13075592676410228,1.132039672168163,-1.5197519820702476,-0.14130194274161448
1,0,-0.15517046305836832,-0.4082701159350179,-0.777478505190904,-0.009074071950191864,-0.2671378642547546
0,1,0.34350936840713653,0.6697819694632224,0.9266554496033795,-1.4997430031282604,0.7080905274720813
1,0,-1.2522660922824733,-0.47564837127238396,-0.7497238805199873,0.35108754900558325,1.368729115416067
1,0,-1.601341974308321,-1.3515656906584494,0.24944260763301282,0.04094837540477688,1.8720728014686274
0,0,-0.1053024799118065,-0.6777831372845589,-0.40001560966643723,-0.2691907981960295,1.3372701350377818
0,1,-1.0029261765497208,-0.8799179032967337,0.41597035565851287,-0.9294871032816167,-0.031195511417616863
1,0,-0.8533222271100637,-1.014674413971504,-0.6831127813097873,1.2715005803370083,0.6766315470937962
0,1,1.4904729807778032,0.7371602248006268,-0.2723443361802206,0.3010651016506145,0.0002634689606681657
1,0,2.088888778536403,2.2868600975605444,1.0876322726946963,-1.1095679137595043,1.3215406448486393
0,1,-1.2522660922824733,-1.0820526693089085,0.3160537068432128,-0.3392222244929853,-0.44016225633532224
0,1,-1.2023981091359115,-0.8125396479593293,0.7989841761171629,-0.8394466980426727,-0.45589174652446474
1,0,0.293641385260603,0.4676472034510476,-0.5609924327577539,0.8513120225552707,-0.4716212367136073
0,1,-0.40451037879112073,-0.7451613926219632,-0.511034108350104,-0.03908754036317282,-1.3524726873055881
0,1,-1.102662142842816,-1.0820526693089085,0.22168798296209616,-0.3392222244929853,0.6923610372829389
1,0,-0.7037182776704066,-0.07137883924807259,-1.0161682773607874,1.951805864364583,-1.163718805035878
1,0,-0.6538502945238731,0.19813418210150666,-0.4888304086133706,0.0009304175208020274,-0.3457853152004672
0,1,0.293641385260603,1.1414297568249383,-0.8329877545327373,1.2114736435110458,1.6046714682532046
1,0,0.34350936840713653,1.1414297568249383,-0.7996822049276373,0.37109652794757103,1.6833189191989173
0,1,-0.1053024799118065,0.4002689481136815,0.1939333582911795,-0.8194377191006853,0.07891091990638074
0,0,1.6899449133639939,1.545699288849288,-0.09471473828635388,0.2110246964116709,-0.7232930797398875
1,0,-0.0055665136187112016,-0.3408918605976135,0.9877156238793963,-1.1695948505854665,-0.9435059423878827
0,1,0.2437734021140412,-0.07137883924807259,-0.4055665346006206,1.3215230276919772,1.006950841065789
1,0,-0.40451037879112073,-0.9472961586340998,0.23834075776464617,-0.11912345613112324,0.7552789980395088
0,1,-0.0055665136187112016,0.26551243743887276,-0.8551914542694706,1.2114736435110458,0.31485327274351843
0,1,-1.80081390689454,-1.8232134780201652,2.9860486001853963,-2.0900078819168915,-0.44016225633532224
1,0,-0.8533222271100637,-1.3515656906584494,-0.5387887330210206,0.7312581489033454,-0.67610460917246
1,0,-0.15517046305836832,0.6697819694632224,1.598317366639563,-1.4597250452442854,1.3529996252269245
1,0,-0.8533222271100637,-0.4082701159350179,0.17172965855444616,-0.4392671192029228,0.47214817463494363
1,0,-0.0055665136187112016,-0.3408918605976135,1.0487757981554129,-1.3996981084183229,-1.1165303344684503
1,0,0.1440374358209459,-0.2735136052602091,-0.011450864273603869,-0.28919977713801653,1.2428931939029269
1,0,-1.0029261765497208,-0.6777831372845589,0.7767804763804296,-0.759410782274723,-0.2828673544438971
1,0,-1.2522660922824733,-0.7451613926219632,-0.4444230091399039,0.8513120225552707,1.3372701350377818
1,0,-2.199757772066921,-2.5643742867314603,-0.6276035319679539,0.8613165120262646,0.2519353119869484
1,0,-0.9031902102566255,-0.8125396479593293,-1.3159182238066873,2.0418462696035267,-1.163718805035878
1,0,-0.5042463450842161,0.19813418210150666,2.164511709926263,-1.5597699399542229,1.1327867625789292
1,0,1.390737014484708,1.4783210335118835,-0.44997393407408726,1.1014242593301145,-1.0378828835227378
1,0,0.2437734021140412,-0.3408918605976135,0.6324564280916629,-1.2396262768824227,-0.7232930797398875
1,0,-0.2050384462049018,0.6024037141258181,0.982164698945213,-1.149585871643479,0.1418288806629508
0,1,0.4432453347002318,0.6697819694632224,0.09401670947587948,-0.11912345613112324,0.29912378255437594
1,0,0.49311331784679363,0.4676472034510476,-1.3270200736750541,1.7217026065317271,1.0384098214440742
0,0,-0.40451037879112073,-1.014674413971504,-1.093881226439354,0.7512671278453332,0.6137135863372263
1,0,0.4432453347002318,0.535025458788452,-0.31675173565368725,-0.29920426660901045,-1.619874020521011
1,0,2.088888778536403,2.4216166082353534,-0.710867405980704,0.601199785780427,0.6451725667155113
1,0,1.839548862803651,2.084725331548408,-1.0217192022949706,0.9113389593812333,1.2586226840920693
0,1,0.49311331784679363,-0.2735136052602091,0.27164630736974615,-0.7293973138617413,0.47214817463494363
1,0,1.7896808796571175,2.0173470762110037,0.19948428322536282,-0.169145903486092,-0.8491290012530276
1,0,1.1413970987519555,0.9392949908127634,-0.1946313871016539,-0.12912794560211643,-0.67610460917246
0,0,0.04430146952785062,-0.6104048819471545,0.11622040921261281,-0.45927609814491055,-1.4783086088187283
1,0,0.5928492841398889,0.6024037141258181,-0.6831127813097873,1.3315275171629704,-0.6603751189833175
0,1,-1.5016060080152256,-1.2841874353210452,-0.1779786122991039,0.31106959112160837,-0.8963174718204552
0,1,0.6427172672864507,0.4676472034510476,-0.8218859046643706,1.2514916013950206,-0.73902256992903
0,1,0.4432453347002318,0.13075592676410228,-0.03365456401033721,-0.18915488242807907,0.4564186844458011
1,0,-1.3021340754290351,-1.3515656906584494,-0.8662933041378373,0.6212087647224147,1.2586226840920693
1,0,-1.3021340754290351,-0.9472961586340998,-0.5165850332842873,0.8112940646712958,-0.31432633482218214
1,0,-1.2023981091359115,-0.4082701159350179,2.32548853301758,-1.7898731977870788,0.0002634689606681657
0,1,1.6899449133639939,1.815212310198829,-0.777478505190904,0.8413075330842767,-1.163718805035878
1,0,-0.6538502945238731,-0.07137883924807259,0.010752835463129468,-0.1491369245441042,1.5732124878749196
1,0,0.34350936840713653,0.7371602248006268,-0.6276035319679539,0.6212087647224147,-0.1727609231198995
0,1,1.4904729807778032,1.6804557995240583,0.34935925644831284,-0.6293524191518038,0.42495970406751604
1,0,-0.8533222271100637,-0.9472961586340998,-0.511034108350104,-0.18915488242807907,0.5979840961480837
0,0,-1.2023981091359115,-0.3408918605976135,0.46592868006616284,-0.6893793559777665,1.8248843309012
0,0,-0.5042463450842161,0.13075592676410228,1.1375905971023463,-0.8494511875136667,-1.6985214714667234
1,0,1.839548862803651,1.613077544186654,-1.060575676834254,1.1014242593301145,0.6923610372829389
0,1,1.0416611324588603,0.7371602248006268,0.36601203125086285,-0.2391773297830478,0.9912213508766465
0,1,0.3933773515536983,0.19813418210150666,-1.493547821700554,2.1018732064294894,-0.8491290012530276
0,1,0.3933773515536983,-0.20613534992284305,1.1764470716416295,-1.2096128084694417,1.1799752331463567
0,0,-0.5541143282307779,0.06337767142673618,-0.960659028018954,2.2719495274363832,0.8339264489852214
0,0,1.6400769302174603,0.9392949908127634,0.8489425005248129,-1.2096128084694417,-0.8333995110638851
1,0,1.8894168459502128,1.8825905655362332,-0.20018231203583722,0.0009304175208020274,0.7238200176612238
1,0,0.7424532335795461,0.26551243743887276,0.021854685331496135,-0.5993389507388229,-0.8333995110638851
1,0,-1.3021340754290351,-1.014674413971504,-1.3547746983459708,1.2114736435110458,0.34631225312180347
1,0,2.088888778536403,2.2868600975605444,0.5824981036840129,-0.8294422085716792,-1.3367431971164456
1,0,0.8421891998726413,-0.07137883924807259,0.3771138811192295,-0.2291728403120539,-0.23567888387646954
1,0,0.49311331784679363,0.33289069277627714,-0.727520180783254,0.7012446804903645,1.4788355467400645
1,0,0.7424532335795461,0.535025458788452,0.2994009320406628,-0.5493165033838542,0.849655939174364
0,1,1.3408690313381462,0.535025458788452,0.08846578454169614,-0.389244671847954,-1.1479893148467355
1,0,-1.7010779406014163,-1.5537004566706243,0.09401670947587948,-0.2291728403120539,0.03172244933895319
1,0,0.5928492841398889,0.6697819694632224,0.3160537068432128,-0.2791952876670227,1.7462368799554873
0,1,-0.0055665136187112016,-0.47564837127238396,2.181164484728813,-1.8198866662000601,0.42495970406751604
1,0,1.8894168459502128,1.815212310198829,-0.43332115927153725,-0.17915039295708515,1.2586226840920693
1,0,-2.249625755213483,-2.6317525420688264,-0.28344618604858723,0.07096184381775855,-1.2109072756033055
0,1,1.1413970987519555,0.6697819694632224,0.21613705802791283,-0.6493613980937917,0.7867379784177939
0,1,-1.102662142842816,-1.48632220133322,0.021854685331496135,0.37109652794757103,-1.5726855499535832
1,0,0.2437734021140412,0.4002689481136815,-0.5054831834159206,0.6312132541934079,1.0226803312549315
0,1,0.04430146952785062,-0.5430266266097884,-0.4555248590082706,0.4311234647735329,-0.15703143293075697
1,0,0.4432453347002318,0.6024037141258181,-1.726686668936254,2.642115637863152,0.01599295914981068
1,0,1.6899449133639939,1.815212310198829,0.2771972323039295,-0.5993389507388229,0.12609939047380828
1,0,-1.2023981091359115,-0.8125396479593293,-0.35560821019297056,0.3010651016506145,0.17328786104123584
1,0,-0.30477441249802545,-0.5430266266097884,0.13842410894934615,-0.09911447718913546,-1.289554726549018
0,0,-0.7037182776704066,-0.8125396479593293,0.14952595881771283,-0.08910998771814158,-1.1322598246575928
0,0,-0.3546423956445589,-0.0040005839106682,-0.9218025534796707,0.48114591212850166,1.7776958603337722
1,0,-0.8034542439635303,-1.216809179983679,1.7259886401257798,-1.2996532137083854,1.3529996252269245
0,1,0.09416945267438409,-0.6777831372845589,0.5713962538156462,-0.8794646559266479,-1.1165303344684503
0,1,-1.2522660922824733,-1.0820526693089085,-0.944006253216404,1.4815948592278765,0.5822546059589412
1,0,2.2384927279760607,2.4889948635727195,0.7268221519727796,-0.7093883349197543,-1.5884150401427257
1,0,-0.9031902102566255,-1.3515656906584494,0.6602110527625795,-0.9995185295785729,-1.651333000899296
0,1,-0.2549064293514636,0.535025458788452,1.1930998464441795,-0.869460166455654,0.09464041009552325
0,1,-0.3546423956445589,0.4002689481136815,0.3882157309875962,-0.8594556769846605,-0.14130194274161448
1,0,-0.6039823113773113,-0.9472961586340998,1.0598776480237797,-1.4097025978893167,-0.770481550307315
1,0,-1.1525301259893779,-0.6777831372845589,-0.005899939339420535,0.3210740805926023,-1.226636765792448
1,0,-0.30477441249802545,-0.6104048819471545,0.5880490286181962,-1.1395813821724852,-0.8019405306856001
0,1,1.0416611324588603,0.06337767142673618,-0.8884970038745706,0.8212985541422897,0.912573899930934
1,0,-0.6039823113773113,-0.47564837127238396,-0.4943813335475539,0.48114591212850166,-0.7075635895507449
1,0,-0.6538502945238731,0.13075592676410228,-0.5720942826261206,0.7512671278453332,-1.195177785414163
0,1,1.9392848290967462,2.152103586885774,0.4714796050003462,-0.019078561421185754,-0.015466021228474349
0,1,1.0915291156053937,0.4002689481136815,-1.0716775267026206,0.9213434488522272,0.40923021387837355
0,0,-1.3520020585755685,-0.9472961586340998,0.8267388007880796,-1.0595454664045354,0.912573899930934
0,1,-0.8533222271100637,-0.4082701159350179,0.3105027819090295,-1.0995634242885104,-0.07838398198504441
1,0,-0.6039823113773113,-1.014674413971504,-0.5276868831526539,0.2210291858826648,-0.3929737857678947
1,0,0.04430146952785062,-0.2735136052602091,0.14397503388352947,-0.5193030349708732,-1.195177785414163
0,1,-2.1498897889203876,-2.496996031394056,-0.42777023433735395,0.4311234647735329,-1.1165303344684503
1,0,0.9419251661657366,0.6697819694632224,-1.0161682773607874,0.571186317367446,0.17328786104123584
1,0,-1.1525301259893779,-0.47564837127238396,1.964678412295663,-1.5397609610122351,-1.4625791186295858
0,1,0.1939054189674794,0.6697819694632224,-0.5887470574286706,0.6112042752514208,1.431647076172637
0,1,-1.3520020585755685,-1.014674413971504,0.6935166023676795,-1.1095679137595043,1.0384098214440742
1,0,-0.40451037879112073,-0.6104048819471545,-0.39446468473225393,0.5611818278964521,-1.6670624910884384
1,0,-1.2522660922824733,-0.9472961586340998,0.8600443503931796,-1.2896487242373915,-1.1322598246575928
0,0,0.4432453347002318,0.6697819694632224,1.7426414149283298,-1.6398058557221726,0.22047633160866337
1,0,1.0915291156053937,0.9392949908127634,1.1930998464441795,-1.3096577031793792,-1.1794482952250205
0,0,-1.3520020585755685,-1.2841874353210452,-0.3445063603246039,1.2314826224530329,-1.6670624910884384
1,0,0.5429813009933554,-0.20613534992284305,0.7157203021044128,-0.9194826138106228,0.7867379784177939
0,1,-1.0029261765497208,-1.5537004566706243,0.4548268301977962,-0.5092985454998793,1.3529996252269245
1,0,0.293641385260603,0.19813418210150666,0.6047018034207462,-0.9494960822236042,1.7147778995772023
1,0,-1.6512099574548829,-1.3515656906584494,-0.022552714141970538,-0.3192132455509982,1.6046714682532046
1,0,1.7896808796571175,1.6804557995240583,-1.4047330227536208,2.2419360590234017,-0.10984296236332944
1,0,-0.2050384462049018,0.06337767142673618,0.07736393467332947,-0.19915937189907296,-0.3929737857678947
1,0,1.1413970987519555,0.535025458788452,1.0210211734844963,-1.3696846400053415,1.651859938820632
1,0,0.7424532335795461,0.4676472034510476,0.8156369509197129,-1.2096128084694417,0.42495970406751604
1,0,1.0416611324588603,0.9392949908127634,0.055160234936596136,0.4611369331865146,-1.2109072756033055
0,1,0.3933773515536983,0.9392949908127634,-0.10026566322053722,-0.009074071950191864,-1.4625791186295858
0,1,-0.055434496765273025,0.26551243743887276,1.5594608921002797,-1.3396711715923602,1.0541393116332167
1,0,0.7923212167261079,0.13075592676410228,-0.8607423792036539,1.7116981170607333,-0.6289161386050324
1,0,0.6427172672864507,0.19813418210150666,0.48258145486871284,-0.869460166455654,1.1327867625789292
1,0,0.34350936840713653,0.4002689481136815,-0.511034108350104,0.07096184381775855,-0.4087032759570372
1,0,-0.8034542439635303,-0.7451613926219632,-0.23903878657512057,-0.20916386137006684,1.3529996252269245
1,0,-0.4543783619376542,-1.014674413971504,0.7601277015778796,-0.8994736348686354,-0.6131866484158899
1,0,0.5429813009933554,0.33289069277627714,-0.6165016820995873,0.41111448583154586,-0.07838398198504441
1,0,-0.7037182776704066,-0.07137883924807259,0.5047851546054462,-0.9394915927526102,-1.6670624910884384
0,1,-0.953058193403159,-1.3515656906584494,3.27469669676293,-2.160039308213848,-0.9906944129553102
1,0,1.2910010481916128,0.6697819694632224,0.6713129026309462,-0.19915937189907296,-0.14130194274161448
1,0,-0.4543783619376542,0.4676472034510476,-1.2770617492674041,1.1114287488011083,1.2586226840920693
1,0,-0.9031902102566255,-1.0820526693089085,-0.3445063603246039,0.991374875149183,-0.5659981778484624
1,0,-0.1053024799118065,0.8719167354753973,0.11622040921261281,-0.45927609814491055,1.1013277822006442
1,0,-0.5042463450842161,0.13075592676410228,-0.927353478413854,0.801289575200302,1.0384098214440742
1,0,-1.0527941596962826,-1.014674413971504,-0.37226098499552057,0.5111593805414834,-0.5974571582267474
1,0,0.1440374358209459,-0.2735136052602091,0.3382574065799462,-0.5393120139128602,1.0855982920115017
1,0,1.1413970987519555,0.4676472034510476,-0.760825730388354,1.0914197698591206,0.7710084882286514
1,0,0.5928492841398889,0.535025458788452,0.9544100742742962,-1.1095679137595043,-1.1008008442793078
0,1,0.04430146952785062,-0.2735136052602091,-0.2112841619042039,-0.19915937189907296,0.7710084882286514
1,0,-2.199757772066921,-2.5643742867314603,-0.5332378080868373,0.8913299804392455,-1.1794482952250205
1,0,1.0915291156053937,1.0740515014875722,-0.42777023433735395,1.001379364620177,-0.8963174718204552
1,0,-1.2522660922824733,-0.47564837127238396,-0.33340451045623726,-0.059096519305160605,-1.3524726873055881
0,1,0.4432453347002318,0.535025458788452,-0.760825730388354,0.8112940646712958,-1.3524726873055881
1,0,1.989152812243308,2.0173470762110037,-0.7330711057174373,0.2110246964116709,-1.619874020521011
0,1,-0.8034542439635303,-1.216809179983679,0.24944260763301282,0.10097531223073951,1.3058111546594968
1,0,-0.8034542439635303,-0.4082701159350179,-0.8551914542694706,1.001379364620177,1.463106056550922
0,1,-2.199757772066921,-2.6317525420688264,0.7212712270385963,-1.0995634242885104,0.8339264489852214
0,1,0.4432453347002318,-0.07137883924807259,-0.41111745953480394,0.2910606121796206,1.5889419780640621
0,0,-0.9031902102566255,-1.418943945995854,-0.2667934112460372,-0.029083050892178934,1.1485162527680717
1,0,-1.3021340754290351,-1.0820526693089085,-0.5831961324944873,-0.009074071950191864,-1.6670624910884384
1,0,-0.5042463450842161,0.06337767142673618,2.74180790308133,-2.0699989029749037,-1.4625791186295858
1,0,-0.5042463450842161,0.06337767142673618,-0.3833628348638872,0.03094388593378299,-0.3929737857678947
1,0,-1.2522660922824733,-0.8799179032967337,-0.4777285587450039,-0.2391773297830478,0.06318142971723822
1,0,-1.1525301259893779,-0.47564837127238396,0.11066948427842949,-0.3092087560800043,0.5822546059589412
1,0,-0.40451037879112073,-0.8125396479593293,0.0163037603973128,-0.07910549824714767,1.1170572723897867
0,1,0.49311331784679363,0.535025458788452,-0.03365456401033721,-0.0691010087761545,1.3529996252269245
0,1,0.5429813009933554,0.33289069277627714,-1.2770617492674041,2.0718597380165082,-0.12557245255247196
0,1,-1.5514739911617874,-1.418943945995854,-0.5443396579552039,0.7612716173163271,-0.7547520601181725
1,0,-0.0055665136187112016,0.9392949908127634,-0.3112008107195039,0.5611818278964521,1.2428931939029269
0,0,-1.80081390689454,-1.8232134780201652,0.005201910528946133,-0.25918630872503556,-0.5188097072810348
1,0,0.2437734021140412,-0.47564837127238396,-0.3833628348638872,0.08096633328875173,1.7462368799554873
1,0,0.8421891998726413,0.535025458788452,0.11066948427842949,0.45113244371552075,0.42495970406751604
1,0,-1.6512099574548829,-1.418943945995854,0.8378406506564462,-1.0395364874625477,0.17328786104123584
1,0,-0.8533222271100637,-0.7451613926219632,1.7925997393359796,-1.2996532137083854,1.006950841065789
1,0,1.4904729807778032,0.8045384801379929,-0.8718442290720206,1.0514018119751456,1.494565036929207
1,0,-1.0029261765497208,-1.6210787120079904,-0.4943813335475539,0.8713210014972584,0.47214817463494363
1,0,1.4904729807778032,0.8045384801379929,-1.0994321513735374,1.1014242593301145,1.0384098214440742
1,0,-1.0527941596962826,-1.5537004566706243,0.2994009320406628,-0.5092985454998793,-0.3929737857678947
0,0,-0.7535862608169684,-0.4082701159350179,0.18838243335699617,-0.39924916131894794,-0.1727609231198995
1,0,1.0915291156053937,0.9392949908127634,-0.6053998322312206,0.31106959112160837,-1.2423662559815905
1,0,-0.8034542439635303,-0.9472961586340998,0.1661787336202628,-0.559320992854848,0.8181969587960789
1,0,-1.3021340754290351,-0.8799179032967337,7.410135772729514,-3.5806768130949598,0.15755837085209332
1,0,0.04430146952785062,-0.6777831372845589,-1.2493071245964873,1.8217475012416646,0.09464041009552325
1,0,-0.8533222271100637,-1.418943945995854,0.0662620848049628,-0.6193479296808106,-0.5659981778484624
1,0,1.4904729807778032,1.815212310198829,-0.9884136526898707,0.8813254909682516,0.18901735123037833
0,1,0.04430146952785062,-0.5430266266097884,1.0709794978921463,-0.6293524191518038,1.7305073897663448
1,0,-0.1053024799118065,-0.20613534992284305,-0.4555248590082706,1.191464664569058,-0.2985968446330396
0,1,1.6899449133639939,1.0066732461501677,0.11622040921261281,-0.35923120343497306,0.09464041009552325
1,0,1.1912650818984891,0.6697819694632224,-1.2326543497939373,1.9418013748935892,1.1170572723897867
0,0,0.7923212167261079,0.6024037141258181,-0.6664600065072372,1.0213883435621647,-0.8963174718204552
0,1,-1.601341974308321,-1.6884569673453949,-0.5332378080868373,-0.07910549824714767,-1.4940380990078708
1,0,1.1413970987519555,0.06337767142673618,0.6324564280916629,-1.0295319979915543,-1.163718805035878
1,0,0.7923212167261079,-0.07137883924807259,-0.7885803550592706,0.37109652794757103,-0.09411347217418692
0,0,0.3933773515536983,0.26551243743887276,-0.6664600065072372,0.6412177436644018,1.4473765663617795
0,1,0.2437734021140412,1.2088080121623426,0.5380907042105462,-0.559320992854848,-1.6670624910884384
0,0,1.0915291156053937,0.8719167354753973,1.215303546180913,-1.3596801505343479,-1.6356035107101534
1,0,1.7398128965105557,1.2761862674997086,-1.0827793765709874,0.9313479383232204,-0.23567888387646954
1,0,0.293641385260603,1.1414297568249383,0.07736393467332947,-0.019078561421185754,-1.6985214714667234
1,0,1.839548862803651,2.0173470762110037,1.1875489215099964,-1.0995634242885104,-1.0378828835227378
1,0,-0.30477441249802545,-0.5430266266097884,0.1661787336202628,0.08096633328875173,-0.5502686876593198
1,0,0.2437734021140412,0.9392949908127634,-0.5387887330210206,0.7012446804903645,-0.8648584914421701
1,0,0.04430146952785062,0.33289069277627714,-0.2612424863118539,1.0914197698591206,0.04745193952809571
1,0,-0.055434496765273025,-0.13875709458543867,-0.3445063603246039,0.771276106787321,0.06318142971723822
1,0,0.9917931493122984,0.26551243743887276,-0.4943813335475539,0.6612267226063896,0.8968444097417915
1,0,-1.2023981091359115,-0.9472961586340998,-0.6886637062439707,0.7312581489033454,0.9597623704983616
1,0,-1.2023981091359115,-1.2841874353210452,-0.5665433576919373,0.6312132541934079,0.6451725667155113
0,1,0.6427172672864507,0.26551243743887276,3.07486339913233,-2.1300258398008665,1.2900816644703543
0,1,-0.0055665136187112016,-0.47564837127238396,4.185048385968996,-2.3701335871047164,0.975491860687504
1,0,1.8894168459502128,1.9499688208735992,1.5539099671660963,-1.629801366251179,-1.446849628440443
1,0,0.293641385260603,0.33289069277627714,-0.3833628348638872,-0.2291728403120539,-0.15703143293075697
0,1,0.4432453347002318,0.4002689481136815,0.9433082244059295,-1.079554445346523,0.7867379784177939
1,0,-0.6039823113773113,-0.13875709458543867,0.6879656774334962,-1.1795993400564604,-0.644645628794175
0,1,0.8920571830192031,0.19813418210150666,-0.7219692558490707,1.2514916013950206,-1.289554726549018
1,0,-0.7535862608169684,-0.4082701159350179,-0.993964577624054,2.0918687169584955,1.2428931939029269
1,0,1.3408690313381462,1.2761862674997086,-0.8329877545327373,0.6512222331353957,-1.4625791186295858
0,1,-0.15517046305836832,0.8045384801379929,0.11622040921261281,0.3911055068895581,0.28339429236523345
0,1,0.8920571830192031,0.535025458788452,-0.9662099529531373,0.8212985541422897,1.431647076172637
1,0,0.09416945267438409,0.06337767142673618,-0.8163349797301873,0.791285085729308,1.463106056550922
1,0,0.8421891998726413,0.6024037141258181,0.5380907042105462,-0.869460166455654,-1.0378828835227378
0,1,1.2910010481916128,1.0740515014875722,2.7862153025547967,-2.0800033924458976,1.0384098214440742
0,1,-0.953058193403159,-1.216809179983679,1.0931831976288795,-1.3196621926503727,-1.2738252363598754
1,0,-0.953058193403159,-0.6777831372845589,0.2938500071064795,-0.6093434402098168,-0.3615148053896097
1,0,2.088888778536403,2.2868600975605444,-0.35560821019297056,0.02093939646278981,-0.15703143293075697
1,0,0.5429813009933554,0.4002689481136815,0.39931758085596286,-0.4792850770868976,-0.5974571582267474
1,0,-0.9031902102566255,-0.7451613926219632,-1.127186776044454,0.5011548910704895,-0.6603751189833175
1,0,-0.055434496765273025,-0.6104048819471545,-0.7053164810465207,0.8313030436132829,1.4159175859834945
1,0,1.9392848290967462,2.0173470762110037,-0.5887470574286706,0.8413075330842767,1.1013277822006442
0,0,0.34350936840713653,0.33289069277627714,0.15507688375189616,-0.12912794560211643,0.330582762932661
1,0,1.0416611324588603,0.8719167354753973,-0.10026566322053722,-0.8494511875136667,1.4788355467400645
1,0,-0.0055665136187112016,0.9392949908127634,0.5269888543421796,-0.8094332296296918,-1.6985214714667234
0,1,0.5429813009933554,0.8719167354753973,2.0534932112425963,-1.7298462609611165,-1.1008008442793078
1,0,1.7896808796571175,1.3435645228371131,-0.8218859046643706,1.0313928330331579,-0.10984296236332944
1,0,1.1912650818984891,0.8045384801379929,-0.4943813335475539,0.791285085729308,0.7238200176612238
0,1,-0.9031902102566255,-1.1494309246462746,0.11622040921261281,-0.6993838454487604,1.1485162527680717
1,0,-1.3520020585755685,-0.8799179032967337,-0.044756413878703875,-0.3292177350219914,0.12609939047380828
1,0,0.09416945267438409,-0.2735136052602091,-0.9995155025582373,1.151446706685083,-0.6603751189833175
1,0,0.1440374358209459,-0.5430266266097884,0.26609538243556285,-0.8594556769846605,-1.0221533933335953
1,0,0.3933773515536983,0.4676472034510476,0.2771972323039295,-0.5693254823258419,0.5665251157697987
0,0,-1.2522660922824733,-1.014674413971504,0.7323730769069628,-1.1996083189984479,0.7867379784177939
1,0,-1.6512099574548829,-1.5537004566706243,-0.20573323697002055,0.3911055068895581,-0.37724429557875216
1,0,-1.0029261765497208,-0.8799179032967337,-0.5332378080868373,0.9313479383232204,-0.8805879816313127
1,0,0.6925852504329842,0.535025458788452,-0.2723443361802206,-0.19915937189907296,0.9440328803092191
1,0,0.293641385260603,1.4783210335118835,-1.2826126742015873,1.4715903697568833,-0.8805879816313127
1,0,-1.0029261765497208,-1.48632220133322,0.15507688375189616,-0.35923120343497306,0.01599295914981068
0,0,-1.3021340754290351,-1.216809179983679,-0.9995155025582373,0.6912401910193705,1.431647076172637
1,0,-1.2522660922824733,-1.014674413971504,1.0154702485503129,-0.959500571694598,1.1013277822006442
1,0,0.2437734021140412,-0.3408918605976135,0.0163037603973128,-0.1491369245441042,0.0002634689606681657
1,0,2.03902079538987,2.4216166082353534,0.09401670947587948,-0.25918630872503556,0.330582762932661
1,0,-0.9031902102566255,-1.1494309246462746,0.16062780868607948,-0.39924916131894794,-0.25140837406561206
1,0,-0.6538502945238731,0.13075592676410228,-0.7497238805199873,1.0313928330331579,-0.8491290012530276
0,1,-1.3520020585755685,-1.2841874353210452,0.9433082244059295,-0.9394915927526102,1.3844586056052095
0,0,-0.4543783619376542,-1.1494309246462746,-0.4888304086133706,0.28105612270862673,-1.3682021774947306
0,1,-0.7535862608169684,-0.20613534992284305,-1.027270127229154,2.0818642274875017,-0.188490413309042
0,1,1.989152812243308,2.0173470762110037,0.19948428322536282,-0.5493165033838542,-0.25140837406561206
1,0,-0.055434496765273025,-0.4082701159350179,-1.060575676834254,1.2815050698080015,-1.2109072756033055
0,1,0.9917931493122984,-0.20613534992284305,-0.8496405293352873,2.2719495274363832,0.5350661353915137
1,0,1.1912650818984891,0.6697819694632224,0.08846578454169614,0.060957354346764664,1.5260240173074922
1,0,0.1939054189674794,0.535025458788452,-0.10581658815472055,-0.2391773297830478,0.6766315470937962
1,0,1.7398128965105557,2.0173470762110037,-0.41111745953480394,0.10097531223073951,-0.8176700208747426
0,1,-1.2522660922824733,-1.1494309246462746,-0.35005728525878727,0.5611818278964521,-1.2109072756033055
1,0,1.1413970987519555,1.2088080121623426,-0.2889971109827706,0.3210740805926023,1.5417535074966346
1,0,0.7424532335795461,0.6024037141258181,-0.4888304086133706,0.060957354346764664,-1.6985214714667234
1,0,0.9917931493122984,0.6024037141258181,-0.5165850332842873,0.401109996360552,-0.6918340993616025
0,1,-0.953058193403159,-1.3515656906584494,-0.9162516285454874,0.8813254909682516,0.7552789980395088
0,1,0.5429813009933554,-0.0040005839106682,-0.5887470574286706,0.8112940646712958,-1.4783086088187283
0,0,-1.2522660922824733,-1.0820526693089085,-0.2723443361802206,-0.029083050892178934,-1.163718805035878
0,1,0.1440374358209459,0.8719167354753973,-0.8995988537429374,1.381549964517939,0.2676648021760909
1,0,1.1413970987519555,0.8719167354753973,0.6269055031574795,-0.7193928243907481,0.0002634689606681657
1,0,-0.6538502945238731,-0.6104048819471545,0.3771138811192295,-0.7293973138617413,-1.6670624910884384
1,0,2.03902079538987,2.152103586885774,-0.5831961324944873,1.0113838540911708,-1.0221533933335953
0,1,-0.30477441249802545,0.4676472034510476,-0.2612424863118539,0.571186317367446,1.7462368799554873
1,0,1.839548862803651,1.613077544186654,-0.07806196348380388,0.3911055068895581,1.2586226840920693
0,1,0.4432453347002318,0.4676472034510476,-0.9828627277556873,1.161451196156077,1.6361304486314896
1,0,-1.3021340754290351,-1.2841874353210452,-0.3611591351271539,-0.059096519305160605,-1.383931667683873
0,1,1.989152812243308,2.2868600975605444,-0.8329877545327373,0.5811908068384392,0.2362058217978059
1,0,0.6427172672864507,0.26551243743887276,-0.5498905828893873,0.15099775958570827,1.400188095794352
1,0,-1.3021340754290351,-0.9472961586340998,-0.2501406364434872,0.2610471437666396,0.8339264489852214
1,0,0.9917931493122984,0.535025458788452,3.3524096458414965,-2.2700886923947787,1.8720728014686274
0,0,0.2437734021140412,-0.13875709458543867,-1.193797875254654,3.282402964006751,0.8024674686069364
1,0,1.6899449133639939,1.2761862674997086,-0.044756413878703875,-0.20916386137006684,1.494565036929207
0,1,-1.102662142842816,-1.7558352226827991,1.181997996575813,-1.389693618947329,-0.8805879816313127
1,0,0.9419251661657366,0.26551243743887276,-0.11691843802308721,-0.589334461267829,0.7395495078503663
0,1,-0.2549064293514636,0.535025458788452,-0.1779786122991039,0.02093939646278981,0.7552789980395088
1,0,-1.1525301259893779,-0.5430266266097884,-0.8218859046643706,0.45113244371552075,0.8024674686069364
1,0,1.6899449133639939,1.4783210335118835,-1.1216358511102706,2.9422503219929648,-0.8805879816313127
1,0,1.3408690313381462,1.613077544186654,-0.5887470574286706,0.4211189753025398,-1.4311201382513006
1,0,-1.0527941596962826,-0.6104048819471545,0.3105027819090295,-0.7994287401586979,-1.195177785414163
1,0,0.1440374358209459,1.0740515014875722,-0.13357121282563722,0.4911504015994956,-0.6131866484158899
1,0,-0.4543783619376542,-1.1494309246462746,0.3438083315141295,-0.8594556769846605,0.20474684141952085
0,1,-1.2522660922824733,-0.9472961586340998,-1.576811695713304,2.0718597380165082,-0.4873507269027498
0,0,-1.601341974308321,-1.6884569673453949,0.8655952753273629,-0.9995185295785729,-1.1794482952250205
1,0,0.49311331784679363,0.6697819694632224,0.5269888543421796,-0.8794646559266479,1.1642457429572142
1,0,-0.055434496765273025,0.26551243743887276,-0.23348786164093724,0.7012446804903645,0.6609020569046538
0,1,1.390737014484708,1.4783210335118835,0.42152128059269617,-0.7093883349197543,0.8024674686069364
0,1,1.390737014484708,0.6697819694632224,-0.1779786122991039,-0.6593658875647855,-0.4087032759570372
1,0,0.6925852504329842,0.26551243743887276,-1.3214691487408707,1.1214332382721022,0.06318142971723822
0,1,-0.9031902102566255,-0.7451613926219632,0.2938500071064795,-0.4792850770868976,0.5350661353915137
0,1,-1.0029261765497208,-0.8799179032967337,3.1192707986057964,-2.2600842029237853,1.4159175859834945
1,0,0.04430146952785062,0.8719167354753973,-0.33340451045623726,-0.04909202983416672,0.39350072368923106
1,0,-0.2549064293514636,0.6024037141258181,-0.23903878657512057,-0.1491369245441042,0.849655939174364
1,0,-0.7535862608169684,-1.216809179983679,-1.3214691487408707,2.6321111483921578,-1.0378828835227378
1,0,-1.102662142842816,-0.6777831372845589,-0.4610757839424539,0.1209842911727273,-1.6985214714667234
1,0,0.293641385260603,1.0740515014875722,-0.46662670887663726,0.801289575200302,1.494565036929207
0,1,-1.3520020585755685,-1.2841874353210452,1.065428572957963,-1.2296217874114292,-1.0378828835227378
0,1,1.1413970987519555,1.0740515014875722,0.7157203021044128,-0.6793748665067726,-0.8805879816313127
1,0,-0.7037182776704066,-0.20613534992284305,-1.360325623280154,1.9418013748935892,-0.06265449179590189
1,0,-1.601341974308321,-1.418943945995854,0.9433082244059295,-1.159590361114473,0.15755837085209332
1,0,1.1912650818984891,1.2088080121623426,-0.4888304086133706,0.20102020694067702,0.03172244933895319
0,0,-1.2023981091359115,-0.9472961586340998,-0.4222193094031706,0.6712312120773835,-0.3615148053896097
0,1,-0.8034542439635303,-1.3515656906584494,-0.6831127813097873,-0.17915039295708515,1.4159175859834945
0,1,0.7424532335795461,0.4676472034510476,-1.0661266017684374,0.791285085729308,-1.2423662559815905
0,1,1.0416611324588603,1.0066732461501677,0.5325397792763629,-0.8394466980426727,-1.3367431971164456
1,0,-0.1053024799118065,-0.07137883924807259,0.07736393467332947,-0.3392222244929853,0.7710084882286514
0,0,-0.8533222271100637,-0.6104048819471545,-0.6053998322312206,0.09097082275974562,0.849655939174364
0,1,-2.2994937383600447,-2.8338873080810014,-0.07251103854962054,-0.17915039295708515,1.1485162527680717
1,0,0.04430146952785062,-0.5430266266097884,-0.6553581566388706,0.25104265429564576,-0.73902256992903
1,0,-1.4517380248686638,-1.1494309246462746,-0.7552748054541706,1.4115634329309208,1.1170572723897867
0,1,-0.7037182776704066,-0.07137883924807259,-0.12246936295727055,-0.5993389507388229,1.6833189191989173
1,0,-1.3520020585755685,-0.9472961586340998,-0.2945480359169539,0.2610471437666396,-0.04692500160675938
0,1,1.0915291156053937,1.1414297568249383,-0.810784054796004,0.25104265429564576,-0.8648584914421701
1,0,-0.055434496765273025,0.13075592676410228,-1.393631172885254,2.962259300934951,-0.7232930797398875
1,0,-1.102662142842816,-1.6884569673453949,-0.927353478413854,1.4115634329309208,0.7710084882286514
0,1,0.8421891998726413,-0.07137883924807259,-0.5831961324944873,0.791285085729308,1.2743521742812118
1,0,1.1912650818984891,0.9392949908127634,0.13842410894934615,-0.49929405602888544,0.22047633160866337
1,0,1.7398128965105557,1.2761862674997086,-0.2556915613776706,-0.12912794560211643,-1.4783086088187283
1,0,0.9419251661657366,0.535025458788452,0.6158036532891129,-1.0195275085205602,-0.21994939368732705
0,0,-1.2522660922824733,-0.9472961586340998,-1.0217192022949706,1.8917789275386203,0.47214817463494363
1,0,-0.953058193403159,-0.9472961586340998,-1.027270127229154,1.3915544539889328,1.5574829976857771
1,0,1.8894168459502128,1.9499688208735992,0.18838243335699617,-0.5393120139128602,-1.4783086088187283
0,1,-0.5541143282307779,-0.47564837127238396,0.23278983283046284,-0.9294871032816167,-0.67610460917246
1,0,0.293641385260603,-0.4082701159350179,0.6380073530258462,-0.7193928243907481,-0.8019405306856001
0,1,1.1413970987519555,0.535025458788452,1.2375072459176464,-1.2196172979404352,0.29912378255437594
0,1,-0.953058193403159,-0.47564837127238396,1.181997996575813,-1.4797340241862729,-0.4873507269027498
1,0,1.390737014484708,0.4002689481136815,-0.3833628348638872,0.11097980170173341,1.5260240173074922
1,0,1.390737014484708,1.545699288849288,1.248609095786013,-1.0095230190495668,0.849655939174364
1,0,1.9392848290967462,2.084725331548408,-1.2715108243332207,2.2919585063783705,0.34631225312180347
0,0,1.0915291156053937,0.6024037141258181,-0.09471473828635388,-0.4092536507899418,-0.73902256992903
1,0,1.7896808796571175,1.9499688208735992,-0.4943813335475539,0.5311683594834704,-1.2423662559815905
1,0,0.9419251661657366,0.4002689481136815,-1.1549414007153707,2.8622144062250134,-0.3615148053896097
0,1,-0.6039823113773113,-0.8125396479593293,-0.23348786164093724,0.6812357015483766,-0.5659981778484624
1,0,-0.8533222271100637,-0.6104048819471545,0.2994009320406628,0.01093490699179592,-1.415390648062158
1,0,-0.4543783619376542,-0.4082701159350179,-0.5554415078235706,0.4211189753025398,-0.4087032759570372
0,0,1.7896808796571175,1.6804557995240583,-0.910700703611304,1.401558943459927,1.2271637037137844
1,0,-0.9031902102566255,-1.418943945995854,1.365178519403863,-1.6598148346641604,1.1485162527680717
1,0,1.0416611324588603,0.535025458788452,0.3160537068432128,-0.28919977713801653,-1.0221533933335953
1,0,0.9917931493122984,-0.07137883924807259,-0.8385386794669206,1.1414422172140892,1.1799752331463567
0,0,0.8920571830192031,0.8045384801379929,-0.4888304086133706,-0.059096519305160605,-0.5974571582267474
1,0,1.1413970987519555,0.8045384801379929,2.0201876616374963,-1.7098372820191292,-0.8333995110638851
0,0,1.1413970987519555,0.535025458788452,-0.5609924327577539,0.38110101741856417,0.17328786104123584
1,0,-1.4018700417221304,-1.418943945995854,0.005201910528946133,-0.28919977713801653,0.881114919552649
1,0,-0.6538502945238731,-0.2735136052602091,-0.20573323697002055,0.6712312120773835,1.4159175859834945
1,0,0.34350936840713653,0.6697819694632224,-0.7552748054541706,0.8313030436132829,-0.5974571582267474
0,1,-1.9504178563341688,-1.9579699886949358,-1.0494738269658874,1.3315275171629704,-1.3524726873055881
0,0,1.4904729807778032,0.8045384801379929,-0.20018231203583722,-0.29920426660901045,0.6923610372829389
1,0,1.1413970987519555,1.0066732461501677,-0.5054831834159206,0.9613614067362021,-1.258095746170733
1,0,1.390737014484708,1.4109427781745174,-0.2889971109827706,-0.3392222244929853,-0.37724429557875216
0,0,-0.8034542439635303,-1.418943945995854,0.8933498999982796,-1.1795993400564604,0.18901735123037833
1,0,-0.9031902102566255,-0.9472961586340998,-1.0328210521633374,1.4115634329309208,-1.1008008442793078
1,0,0.1939054189674794,0.9392949908127634,0.6824147524993129,-1.069549955875529,0.330582762932661
0,1,-0.8533222271100637,-0.8125396479593293,-1.0550247519000706,1.2114736435110458,-0.06265449179590189
1,0,1.7398128965105557,1.2761862674997086,0.14397503388352947,-0.10911896666012935,-1.5097675891970133
1,0,0.04430146952785062,-0.6777831372845589,-0.7497238805199873,1.4815948592278765,-1.2423662559815905
1,0,2.088888778536403,2.2194818422231783,0.7157203021044128,-0.42926262973192886,1.1327867625789292
1,0,0.09416945267438409,1.0066732461501677,-0.061409188681253876,-0.389244671847954,0.2676648021760909
1,0,-1.0029261765497208,-1.014674413971504,-0.43332115927153725,0.801289575200302,-0.6289161386050324
0,1,-0.6538502945238731,-0.6777831372845589,1.6871321655864964,-1.4197070873603101,0.34631225312180347
1,0,-0.9031902102566255,-0.7451613926219632,0.7989841761171629,-0.8294422085716792,-0.5345391974701773
1,0,0.34350936840713653,0.535025458788452,1.1930998464441795,-1.2296217874114292,-0.37724429557875216
0,1,0.8421891998726413,0.535025458788452,2.3032848332808467,-1.8398956451420476,1.4159175859834945
0,1,0.2437734021140412,0.33289069277627714,-0.3889137597980706,0.2910606121796206,-1.4783086088187283
1,0,0.8920571830192031,0.6024037141258181,1.997983961900763,-1.5297564715412415,-1.2109072756033055
1,0,-0.2549064293514636,-0.6104048819471545,-1.127186776044454,0.2110246964116709,1.7147778995772023
0,1,-0.1053024799118065,0.8045384801379929,0.9266554496033795,-1.079554445346523,0.6294430765263688
0,1,1.1413970987519555,1.2088080121623426,0.0995676344100628,-0.589334461267829,1.2114342135246419
0,1,-1.3021340754290351,-0.8799179032967337,1.4373405435482463,-1.6998327925481354,0.42495970406751604
0,1,1.0915291156053937,0.06337767142673618,-0.9495571781505874,1.161451196156077,-1.5097675891970133
1,0,0.09416945267438409,1.0740515014875722,0.7323730769069628,-1.1195724032304977,0.6451725667155113
1,0,-0.15517046305836832,-0.6777831372845589,-0.7053164810465207,0.9213434488522272,-0.3615148053896097
0,0,0.9917931493122984,-0.07137883924807259,-0.511034108350104,0.28105612270862673,1.2114342135246419
1,0,-2.249625755213483,-2.6991307974062306,-0.4610757839424539,-0.07910549824714767,0.9283033901200766
1,0,0.293641385260603,-0.3408918605976135,-0.1280202878914539,-0.09911447718913546,0.5350661353915137
1,0,1.4904729807778032,0.8045384801379929,-0.8662933041378373,0.4611369331865146,1.4159175859834945
0,1,0.6925852504329842,0.6697819694632224,-0.6220526070337706,0.3210740805926023,-1.4940380990078708
0,0,-0.8034542439635303,-0.8799179032967337,-1.0827793765709874,1.2915095592789956,0.34631225312180347
0,0,0.49311331784679363,0.06337767142673618,1.2042016963125464,-0.9294871032816167,-1.6670624910884384
1,0,-1.3520020585755685,-1.1494309246462746,-0.6053998322312206,0.1910157174696831,-0.20421990349818453
0,1,0.3933773515536983,0.26551243743887276,-0.4943813335475539,-0.059096519305160605,-0.7232930797398875
1,0,-0.8034542439635303,-0.9472961586340998,-0.3445063603246039,0.401109996360552,0.2519353119869484
1,0,-0.9031902102566255,-1.1494309246462746,3.75762716603688,-2.3201111397497476,0.4878776648240861
1,0,-0.8533222271100637,-0.4082701159350179,-0.8940479288087539,1.2314826224530329,-1.5097675891970133
1,0,-0.7535862608169684,-0.4082701159350179,-0.6720109314414207,0.5111593805414834,0.6294430765263688
1,0,0.3933773515536983,1.613077544186654,-0.2556915613776706,-0.08910998771814158,-0.45589174652446474
1,0,-0.4543783619376542,-1.1494309246462746,-1.1882469503204707,0.6912401910193705,-1.258095746170733
1,0,-0.6039823113773113,-0.6104048819471545,-0.8940479288087539,1.4415769013439017,0.8968444097417915
0,1,0.293641385260603,-0.0040005839106682,0.0163037603973128,-0.6093434402098168,-0.12557245255247196
1,0,-0.30477441249802545,-0.5430266266097884,0.09401670947587948,-0.42926262973192886,-0.5188097072810348
0,1,-1.5514739911617874,-1.6884569673453949,0.09401670947587948,-0.8794646559266479,0.12609939047380828
1,0,-0.055434496765273025,-0.5430266266097884,0.32715555671157953,-0.5393120139128602,0.04745193952809571
0,1,0.5928492841398889,0.4676472034510476,-0.6276035319679539,0.6112042752514208,-0.644645628794175
1,0,-0.40451037879112073,-0.7451613926219632,-0.07251103854962054,-0.20916386137006684,1.0855982920115017
1,0,0.6427172672864507,0.8045384801379929,-0.4555248590082706,0.45113244371552075,-1.4783086088187283
1,0,-1.4018700417221304,-1.3515656906584494,0.9211045246691962,-1.3996981084183229,1.4473765663617795
0,0,-2.199757772066921,-2.6991307974062306,-0.794131279993454,1.2414871119240267,-1.6985214714667234
1,0,0.293641385260603,1.2088080121623426,0.6269055031574795,-1.2796442347663979,-0.8805879816313127
1,0,-1.4018700417221304,-0.8799179032967337,0.7212712270385963,-0.9294871032816167,-0.5659981778484624
1,0,1.390737014484708,1.613077544186654,-0.9051497786771207,1.7116981170607333,-1.5726855499535832
1,0,-0.2050384462049018,-0.3408918605976135,1.465095168219163,-1.2296217874114292,0.8024674686069364
1,0,-0.5042463450842161,0.26551243743887276,-1.110534001241904,0.9613614067362021,-0.21994939368732705
1,0,1.0416611324588603,0.8719167354753973,-0.3445063603246039,0.3610920384765771,1.3844586056052095
1,0,0.293641385260603,1.1414297568249383,-0.5942979823628539,-0.07910549824714767,-1.6670624910884384
1,0,-0.5541143282307779,0.13075592676410228,-0.9995155025582373,1.6916891381187453,0.912573899930934
1,0,-0.2549064293514636,-0.47564837127238396,-0.10581658815472055,0.23103367535365796,0.6451725667155113
1,0,-0.9031902102566255,-1.418943945995854,0.0662620848049628,-0.39924916131894794,1.2271637037137844
1,0,1.9392848290967462,2.084725331548408,-0.6331544569021372,0.9313479383232204,1.431647076172637
1,0,0.7424532335795461,0.33289069277627714,-0.02810363907615387,-0.0691010087761545,0.17328786104123584
1,0,-1.3021340754290351,-1.0820526693089085,-0.6276035319679539,1.0413973225041517,-0.5974571582267474
1,0,0.8421891998726413,0.13075592676410228,-0.2945480359169539,0.3010651016506145,-0.6603751189833175
0,0,-1.2522660922824733,-1.0820526693089085,0.26609538243556285,-0.389244671847954,-0.15703143293075697
0,1,-1.0029261765497208,-1.6210787120079904,1.6926830905206798,-1.6197968767801851,-1.0064239031444528
1,0,0.5429813009933554,0.4676472034510476,-0.5720942826261206,0.5311683594834704,-1.5726855499535832
1,0,1.1912650818984891,1.3435645228371131,0.0329565351998628,-0.35923120343497306,-1.5097675891970133
1,0,1.241133065045051,1.0740515014875722,0.3105027819090295,-1.0495409769335415,-1.1479893148467355
1,0,-0.5042463450842161,-0.8799179032967337,-0.1779786122991039,-0.2491818192540417,0.40923021387837355
0,0,0.293641385260603,-0.20613534992284305,-0.3833628348638872,0.38110101741856417,-1.415390648062158
1,0,1.2910010481916128,0.9392949908127634,1.1042850474972463,-1.4197070873603101,0.31485327274351843
1,0,-0.953058193403159,-1.48632220133322,-0.8884970038745706,0.9113389593812333,0.42495970406751604
1,0,0.5928492841398889,0.7371602248006268,0.06071115987077948,-0.029083050892178934,-1.383931667683873
1,0,-0.8034542439635303,-0.9472961586340998,0.3882157309875962,-0.49929405602888544,-0.07838398198504441
0,0,0.34350936840713653,-0.2735136052602091,2.1423080101895295,-1.949945029322979,-1.5569560597644407
0,0,1.9392848290967462,2.084725331548408,1.3929331440747796,-1.3296666821213665,-1.4311201382513006
0,1,0.6427172672864507,0.6697819694632224,-0.7164183309148873,1.2715005803370083,0.8339264489852214
0,1,-0.5541143282307779,-0.7451613926219632,1.0432248732212297,-1.2896487242373915,-1.1165303344684503
1,0,1.1413970987519555,0.535025458788452,-0.6553581566388706,0.14099327011471438,-0.09411347217418692
1,0,-0.30477441249802545,0.26551243743887276,0.23834075776464617,-0.8294422085716792,1.1485162527680717
0,0,0.1939054189674794,-0.13875709458543867,-0.5054831834159206,-0.029083050892178934,-0.015466021228474349
0,1,-0.1053024799118065,-0.6104048819471545,-0.23903878657512057,0.44112795424452683,0.7395495078503663
1,0,0.34350936840713653,1.4109427781745174,-0.7996822049276373,0.1910157174696831,0.7710084882286514
1,0,0.7923212167261079,0.8719167354753973,0.9266554496033795,-1.0095230190495668,-0.23567888387646954
0,1,-1.3021340754290351,-0.8125396479593293,-0.9995155025582373,0.8713210014972584,1.7619663701446298
0,1,-0.5541143282307779,-0.0040005839106682,-0.2889971109827706,-0.3392222244929853,0.330582762932661
1,0,-0.3546423956445589,-0.6104048819471545,-0.23903878657512057,-0.2791952876670227,0.6451725667155113
0,1,0.6427172672864507,0.4676472034510476,1.5539099671660963,-1.4497205557732915,-0.9749649227661678
1,0,-1.1525301259893779,-0.7451613926219632,0.9766137740110296,-1.2796442347663979,1.3372701350377818
1,0,0.6427172672864507,-0.0040005839106682,-0.18352953723328722,0.08096633328875173,-1.5254970793861558
1,0,0.09416945267438409,0.8719167354753973,-0.2889971109827706,-0.3092087560800043,-0.5817276680376049
0,1,-0.6039823113773113,-0.13875709458543867,-0.3445063603246039,0.6712312120773835,-0.770481550307315
1,0,-0.5541143282307779,0.06337767142673618,-0.4055665346006206,0.34108305953458934,-0.9120469620095977
0,1,-0.4543783619376542,0.13075592676410228,-0.4610757839424539,0.8413075330842767,-0.10984296236332944
1,0,1.1413970987519555,0.8045384801379929,1.3707294443380462,-1.5697744294252165,-0.42443276614617975
1,0,-0.7037182776704066,-0.07137883924807259,0.42152128059269617,-1.1195724032304977,1.431647076172637
1,0,-0.6039823113773113,-0.13875709458543867,-0.977311802821504,0.401109996360552,-1.3052842167381606
1,0,1.2910010481916128,0.26551243743887276,1.132039672168163,-1.3696846400053415,1.3058111546594968
0,0,0.04430146952785062,0.9392949908127634,-0.30009896085113724,0.04094837540477688,-0.5188097072810348
1,0,1.3408690313381462,0.4002689481136815,0.8378406506564462,-1.3296666821213665,-1.6356035107101534
0,1,0.1440374358209459,0.7371602248006268,-1.0494738269658874,1.8717699485966333,0.34631225312180347
1,0,-0.6039823113773113,-0.9472961586340998,0.24944260763301282,-0.559320992854848,-1.0378828835227378
1,0,1.7896808796571175,1.2761862674997086,-0.3667100600613373,1.0113838540911708,-0.37724429557875216
0,1,-0.2549064293514636,-0.7451613926219632,-0.5054831834159206,0.2910606121796206,-0.5345391974701773
1,0,-0.9031902102566255,-0.20613534992284305,0.25499353256719615,-0.25918630872503556,0.15755837085209332
0,0,-0.7037182776704066,-0.20613534992284305,-0.4222193094031706,-0.08910998771814158,-0.6603751189833175
0,1,-0.055434496765273025,-0.6104048819471545,-1.077228451636804,1.6816846486477515,-1.5412265695752982
1,0,0.49311331784679363,0.7371602248006268,-1.6822792694627875,2.442025848443277,1.0855982920115017
1,0,-1.3520020585755685,-0.9472961586340998,0.2605444575013795,-0.2291728403120539,0.7395495078503663
1,0,0.7424532335795461,0.4002689481136815,-0.09471473828635388,-0.3392222244929853,1.4788355467400645
0,1,1.1413970987519555,0.9392949908127634,-1.077228451636804,0.7612716173163271,-0.644645628794175
1,0,0.8920571830192031,0.4002689481136815,-0.7996822049276373,1.0514018119751456,0.362041743310946
0,1,0.34350936840713653,-0.3408918605976135,-1.0383719770975206,0.401109996360552,0.28339429236523345
1,0,1.7896808796571175,2.0173470762110037,0.2994009320406628,-0.8394466980426727,-0.8805879816313127
0,1,-0.4543783619376542,-0.9472961586340998,-0.5443396579552039,-0.37924018237696017,0.9597623704983616
1,0,0.7424532335795461,0.6024037141258181,-0.7719275802567206,1.0814152803881265,-1.6670624910884384
1,0,0.5928492841398889,0.4676472034510476,0.0662620848049628,0.1209842911727273,-0.4087032759570372
0,1,-1.102662142842816,-0.6104048819471545,-0.5942979823628539,0.2610471437666396,-1.4311201382513006
1,0,-0.953058193403159,-1.1494309246462746,-1.3214691487408707,1.601648732879802,-0.7075635895507449
1,0,-0.5541143282307779,0.06337767142673618,0.34935925644831284,-0.17915039295708515,-0.7862110404964575
1,0,0.9917931493122984,0.4676472034510476,0.6546601278283962,-0.8094332296296918,-1.1165303344684503
1,0,1.241133065045051,0.26551243743887276,-0.6220526070337706,0.6812357015483766,1.1170572723897867
0,1,0.6925852504329842,0.33289069277627714,-0.2445897115093039,1.2514916013950206,1.463106056550922
1,0,-0.30477441249802545,0.535025458788452,0.46037775513197954,-0.6393569086227977,1.7147778995772023
1,0,0.9917931493122984,0.26551243743887276,0.39931758085596286,-0.4392671192029228,0.1418288806629508
0,1,-0.15517046305836832,0.19813418210150666,-0.6109507571654039,0.771276106787321,-1.1479893148467355
0,1,-0.6039823113773113,-0.13875709458543867,-0.2723443361802206,-0.13913243507311032,0.29912378255437594
1,0,-1.750945923747978,-1.8232134780201652,0.14952595881771283,-0.2791952876670227,0.881114919552649
1,0,-0.953058193403159,-1.6884569673453949,0.8045351010513463,-0.6893793559777665,1.4473765663617795
1,0,0.9419251661657366,0.4676472034510476,-0.3278535855220539,0.7112491699613583,-0.6289161386050324
0,1,1.1413970987519555,0.8045384801379929,1.681581240652313,-1.6097923873091917,0.04745193952809571
1,0,1.0915291156053937,0.8719167354753973,0.17172965855444616,-0.389244671847954,-1.6985214714667234
0,1,1.1413970987519555,0.6697819694632224,-0.6553581566388706,0.13098878064372046,1.1642457429572142
1,0,-0.3546423956445589,-0.5430266266097884,4.112886361824613,-2.4601739923436603,1.5574829976857771
1,0,-0.4543783619376542,-0.8125396479593293,-0.20573323697002055,0.6712312120773835,1.400188095794352
0,1,-1.4517380248686638,-1.0820526693089085,1.8925163881512796,-1.6498103451931665,0.7395495078503663
1,0,-1.2522660922824733,-1.216809179983679,-0.6664600065072372,0.8513120225552707,0.0002634689606681657
0,1,-0.30477441249802545,-0.5430266266097884,-0.3833628348638872,0.44112795424452683,0.42495970406751604
1,0,-1.0527941596962826,-0.6104048819471545,-0.1779786122991039,-0.3092087560800043,-1.4940380990078708
1,0,-0.5042463450842161,0.06337767142673618,0.22723890789627949,0.1910157174696831,-0.8333995110638851
1,0,-1.4018700417221304,-1.014674413971504,-0.2501406364434872,-0.03908754036317282,1.1485162527680717
0,1,0.9917931493122984,0.6024037141258181,0.10511855934424615,0.5311683594834704,1.3372701350377818
0,1,-0.4543783619376542,-0.8799179032967337,2.6030347797267464,-1.9699540082649665,1.1013277822006442
0,0,-0.9031902102566255,-0.6777831372845589,-0.9329044033480374,1.5716352644668208,-1.3367431971164456
0,1,0.1440374358209459,-0.2735136052602091,-0.7830294301250873,1.3715454750469458,-0.4087032759570372
0,1,0.2437734021140412,-0.07137883924807259,0.07181300973914614,0.13098878064372046,0.12609939047380828
1,0,-1.4517380248686638,-1.2841874353210452,-0.5165850332842873,-0.3392222244929853,1.8720728014686274
0,0,-0.8034542439635303,-0.7451613926219632,0.2105861330937295,-0.28919977713801653,-1.6985214714667234
0,1,-1.6512099574548829,-1.48632220133322,-0.910700703611304,1.1414422172140892,0.0002634689606681657
1,0,-0.2050384462049018,-0.5430266266097884,0.11066948427842949,-0.08910998771814158,0.03172244933895319
1,0,-2.0501538226272924,-2.42961777605669,1.9591274873614797,-1.829891155671054,-0.5659981778484624
0,1,0.1939054189674794,0.9392949908127634,-1.0217192022949706,1.6216577118217896,0.22047633160866337
0,1,-0.5042463450842161,0.19813418210150666,0.5325397792763629,-0.5493165033838542,0.9440328803092191
0,1,1.2910010481916128,1.0740515014875722,-1.7322375938704375,2.8221964483410393,1.2428931939029269
1,0,-0.3546423956445589,-0.6777831372845589,-0.2667934112460372,-0.1591414140150981,0.11036990028466577
1,0,-0.953058193403159,-1.418943945995854,0.8822480501299129,-0.6693703770357794,-1.0693418639010228
1,0,1.839548862803651,1.8825905655362332,-0.5665433576919373,1.1314377277430954,-1.0378828835227378
1,0,1.0416611324588603,0.8045384801379929,-0.4721776338108206,0.6812357015483766,-1.6985214714667234
1,0,1.241133065045051,1.4783210335118835,1.3096692700620296,-1.2096128084694417,-0.8176700208747426
0,1,-1.3021340754290351,-1.014674413971504,-0.41111745953480394,1.5916442434088078,0.7080905274720813
0,1,1.7398128965105557,1.9499688208735992,0.18283150842281282,0.4711414226575085,-0.37724429557875216
1,0,0.8920571830192031,0.4002689481136815,-0.09471473828635388,0.38110101741856417,-0.5974571582267474
1,0,0.5928492841398889,-0.07137883924807259,2.4698125813063463,-2.029980945090929,0.9597623704983616
1,0,0.09416945267438409,0.6697819694632224,-1.576811695713304,3.182358069296814,0.6451725667155113
1,0,0.6427172672864507,0.6697819694632224,-0.0003490144052372012,-0.3092087560800043,1.5417535074966346
0,0,-2.199757772066921,-2.6317525420688264,0.46592868006616284,-0.9094781243396293,1.6046714682532046
1,0,-0.8533222271100637,-0.6777831372845589,0.6546601278283962,-0.7794197612167101,1.1170572723897867
1,0,1.7398128965105557,1.6804557995240583,-0.8829460789403873,0.6112042752514208,0.912573899930934
1,0,-0.4543783619376542,0.06337767142673618,-0.5776452075603039,0.8813254909682516,1.9035317818469124
1,0,0.7424532335795461,0.33289069277627714,2.1534098600578964,-1.7598597293740978,0.6451725667155113
1,0,0.293641385260603,0.4676472034510476,-0.46662670887663726,0.060957354346764664,-0.4087032759570372
1,0,-0.7037182776704066,-1.216809179983679,-0.827436829598554,1.1414422172140892,0.9440328803092191
1,0,0.34350936840713653,1.4109427781745174,-0.22793693670675388,0.401109996360552,0.7395495078503663
0,1,-0.6039823113773113,-0.8799179032967337,-0.22793693670675388,-0.04909202983416672,-0.2985968446330396
1,0,0.9917931493122984,-0.13875709458543867,0.8989008249324629,-1.2796442347663979,-1.6356035107101534
1,0,1.9392848290967462,2.084725331548408,-0.2667934112460372,-0.2791952876670227,1.368729115416067
1,0,2.03902079538987,2.2194818422231783,-0.48327948367918727,0.3911055068895581,1.1642457429572142
1,0,-0.4543783619376542,-1.014674413971504,-0.0003490144052372012,0.6812357015483766,1.2900816644703543
0,0,-0.5042463450842161,-0.0040005839106682,-0.844089604401104,0.5211638700124772,0.03172244933895319
1,0,-1.1525301259893779,-0.8125396479593293,-0.13357121282563722,0.01093490699179592,-0.4087032759570372
1,0,-1.1525301259893779,-0.8799179032967337,1.6094192165079297,-1.5097474925992542,-1.4311201382513006
1,0,0.04430146952785062,0.9392949908127634,-0.40001560966643723,-0.42926262973192886,-0.9906944129553102
0,1,-0.6538502945238731,-0.2735136052602091,-0.6387053818363206,1.0413973225041517,-1.195177785414163
1,0,0.04430146952785062,-0.5430266266097884,0.33270648164576283,-0.9895140401075789,1.6990484093880598
1,0,-1.3520020585755685,-1.014674413971504,-0.13912213775982055,0.45113244371552075,1.0855982920115017
1,0,-0.3546423956445589,-1.1494309246462746,0.6213545782232962,-1.1996083189984479,-1.6041445303318682
0,1,0.04430146952785062,-0.47564837127238396,-0.3889137597980706,0.3911055068895581,-1.383931667683873
1,0,1.839548862803651,1.613077544186654,0.9044517498666462,-0.8794646559266479,0.5665251157697987
0,1,1.2910010481916128,1.0740515014875722,-0.11691843802308721,-0.09911447718913546,1.1957047233354994
1,0,0.5928492841398889,0.4676472034510476,2.2866320584782964,-1.869909113555029,-1.0064239031444528
0,1,0.34350936840713653,1.1414297568249383,-0.22238601177257056,-0.10911896666012935,-1.651333000899296
1,0,-1.3520020585755685,-1.1494309246462746,-0.1946313871016539,-0.369235692905967,-0.9906944129553102
1,0,-0.5042463450842161,-0.9472961586340998,0.6047018034207462,-0.9194826138106228,-0.15703143293075697
0,1,0.1440374358209459,0.26551243743887276,-1.3658765482143373,0.9713658962071959,-1.1165303344684503
0,1,-0.9031902102566255,-0.8125396479593293,0.5880490286181962,-1.1795993400564604,-0.7862110404964575
1,0,-0.2050384462049018,-0.5430266266097884,-0.4943813335475539,0.31106959112160837,0.8181969587960789
0,0,-1.0527941596962826,-1.7558352226827991,0.3604611063166795,-0.389244671847954,1.8406138210903424
1,0,0.8920571830192031,0.4002689481136815,-1.9265199665668542,2.892227874637996,0.42495970406751604
1,0,0.1939054189674794,-0.13875709458543867,-1.2493071245964873,2.3119674853203582,0.5979840961480837
1,0,-0.0055665136187112016,-0.47564837127238396,2.4032014820961463,-1.7998776872580728,1.0541393116332167
0,1,0.34350936840713653,-0.2735136052602091,-0.8385386794669206,1.1114287488011083,0.8181969587960789
0,0,-1.1525301259893779,-0.8125396479593293,-0.7497238805199873,1.0313928330331579,-0.1727609231198995
1,0,-0.4543783619376542,0.13075592676410228,0.1661787336202628,-0.17915039295708515,0.7395495078503663
1,0,0.49311331784679363,0.06337767142673618,0.10511855934424615,-0.7394018033327352,-1.6985214714667234
1,0,-0.8034542439635303,-0.47564837127238396,0.0329565351998628,-0.3092087560800043,-1.651333000899296
1,0,0.34350936840713653,-0.2735136052602091,1.0765304228263297,-1.5197519820702476,-0.3615148053896097
1,0,0.1939054189674794,0.06337767142673618,-0.20018231203583722,0.2210291858826648,1.3844586056052095
0,1,1.0416611324588603,0.7371602248006268,-0.4943813335475539,1.161451196156077,-0.3457853152004672
0,1,-1.0527941596962826,-1.7558352226827991,-0.7552748054541706,1.2815050698080015,-1.6985214714667234
1,0,-0.3546423956445589,-0.6104048819471545,-0.044756413878703875,-0.20916386137006684,0.29912378255437594
0,1,1.9392848290967462,2.152103586885774,0.5047851546054462,-1.069549955875529,-0.06265449179590189
1,0,0.34350936840713653,1.613077544186654,0.28274815723811286,-0.20916386137006684,-0.15703143293075697
1,0,0.49311331784679363,0.6024037141258181,1.6038682915737463,-1.4897385136572663,0.912573899930934
1,0,0.1440374358209459,-0.0040005839106682,0.11622040921261281,0.08096633328875173,1.1642457429572142
1,0,-0.40451037879112073,0.26551243743887276,-0.8884970038745706,0.6812357015483766,-1.0850713540901653
0,1,1.7398128965105557,1.545699288849288,0.021854685331496135,-0.6693703770357794,-0.5817276680376049
1,0,1.241133065045051,0.19813418210150666,0.8267388007880796,-0.8394466980426727,-0.6603751189833175
1,0,-0.2050384462049018,0.06337767142673618,-0.2889971109827706,0.2910606121796206,-1.0378828835227378
0,1,-0.055434496765273025,-0.3408918605976135,-0.7053164810465207,1.7917340328286828,-0.770481550307315
1,0,-0.6039823113773113,-1.0820526693089085,1.098734122563063,-1.2296217874114292,0.34631225312180347
0,1,0.7424532335795461,0.7371602248006268,-0.794131279993454,0.35108754900558325,0.06318142971723822
0,0,-0.5541143282307779,-0.8125396479593293,0.4548268301977962,-0.7293973138617413,-0.5188097072810348
0,1,0.34350936840713653,0.6697819694632224,-1.1382886259128207,1.3915544539889328,0.6609020569046538
1,0,-1.0527941596962826,-0.13875709458543867,-1.127186776044454,3.162349090354826,-1.2109072756033055
1,0,0.6925852504329842,0.535025458788452,-0.9828627277556873,1.3215230276919772,-1.6356035107101534
1,0,0.9917931493122984,0.6697819694632224,0.5158870044738129,-0.5793299717968351,-1.415390648062158
0,1,1.8894168459502128,1.815212310198829,-0.9162516285454874,1.361540985575952,0.4406891942566586
1,0,0.1440374358209459,1.0066732461501677,-0.8940479288087539,0.7512671278453332,-0.6918340993616025
0,1,-1.0527941596962826,-0.2735136052602091,-0.13357121282563722,-0.11912345613112324,0.2519353119869484
1,0,-1.2522660922824733,-0.4082701159350179,0.6158036532891129,-0.5393120139128602,0.5350661353915137
1,0,-0.40451037879112073,-1.0820526693089085,-1.0494738269658874,1.1314377277430954,-0.188490413309042
0,1,1.6400769302174603,1.0066732461501677,-0.9218025534796707,0.7312581489033454,-0.7547520601181725
1,0,-0.8533222271100637,-0.6104048819471545,-0.5665433576919373,-0.19915937189907296,-0.23567888387646954
1,0,-1.80081390689454,-1.8232134780201652,-0.2889971109827706,-0.2491818192540417,-0.3929737857678947
1,0,-0.8533222271100637,-1.014674413971504,-0.0003490144052372012,-0.389244671847954,0.9440328803092191
0,1,1.241133065045051,0.33289069277627714,-0.1779786122991039,0.02093939646278981,1.463106056550922
1,0,0.293641385260603,-0.4082701159350179,0.09401670947587948,-0.39924916131894794,-0.15703143293075697
0,0,1.7896808796571175,1.2761862674997086,0.02740561026567947,-0.28919977713801653,-0.31432633482218214
0,1,-0.953058193403159,-1.014674413971504,-0.4222193094031706,0.591195296309433,-1.651333000899296
0,1,0.9917931493122984,0.535025458788452,1.3540766695354962,-1.6898283030771413,1.2900816644703543
0,0,1.241133065045051,0.7371602248006268,1.7259886401257798,-1.669819324135154,1.494565036929207
1,0,1.4904729807778032,0.8045384801379929,1.448442393416613,-1.629801366251179,-0.73902256992903
1,0,-1.4018700417221304,-1.014674413971504,0.06071115987077948,0.15099775958570827,0.2676648021760909
1,0,-0.15517046305836832,-0.47564837127238396,0.038507460134046136,-0.2791952876670227,-1.6356035107101534
1,0,0.09416945267438409,0.9392949908127634,-1.1549414007153707,0.9813703856781891,0.5507956255806562
0,1,1.0915291156053937,1.0740515014875722,-0.8496405293352873,1.0514018119751456,-0.6131866484158899
1,0,-0.9031902102566255,-0.6777831372845589,0.3937666559217795,-0.8294422085716792,0.7395495078503663
0,1,-1.3520020585755685,-1.3515656906584494,0.32715555671157953,-1.0595454664045354,0.6294430765263688
0,0,0.04430146952785062,1.0066732461501677,-0.8662933041378373,0.9113389593812333,-1.1794482952250205
1,0,-1.4517380248686638,-1.418943945995854,-0.23903878657512057,0.4711414226575085,-0.31432633482218214
1,0,-0.6039823113773113,-0.13875709458543867,-0.17242768736492056,-0.369235692905967,-0.6131866484158899
0,1,-0.7535862608169684,-0.2735136052602091,-0.5609924327577539,0.45113244371552075,0.2519353119869484
0,1,-0.15517046305836832,0.8045384801379929,0.4270722055268795,0.23103367535365796,1.1327867625789292
1,0,-0.8034542439635303,-0.6777831372845589,4.2461085602450135,-2.4901874607566414,-0.2985968446330396
1,0,-1.2023981091359115,-1.014674413971504,-0.35560821019297056,0.24103816482465185,-1.3210137069273031
1,0,0.34350936840713653,1.2088080121623426,-0.5443396579552039,-0.18915488242807907,-1.163718805035878
1,0,0.34350936840713653,0.33289069277627714,-0.017001789207787204,0.7412626383743393,1.3215406448486393
1,0,-0.40451037879112073,-0.6777831372845589,-0.13357121282563722,0.8913299804392455,1.88780229165777
1,0,1.4406049976312414,1.4783210335118835,0.36601203125086285,-0.6093434402098168,-0.3457853152004672
1,0,0.6925852504329842,0.4676472034510476,0.28274815723811286,-0.369235692905967,-1.0221533933335953
1,0,-0.4543783619376542,0.33289069277627714,1.1098359724314295,-1.2596352558244104,-0.5659981778484624
0,1,-0.5541143282307779,-0.7451613926219632,1.1708961467074464,-1.0095230190495668,-0.9120469620095977
1,0,-0.6039823113773113,-0.07137883924807259,0.06071115987077948,-0.11912345613112324,-0.8648584914421701
1,0,0.09416945267438409,-0.0040005839106682,-0.2945480359169539,0.01093490699179592,1.1642457429572142
1,0,-1.0527941596962826,-0.7451613926219632,0.14952595881771283,0.1910157174696831,-0.9120469620095977
0,0,-1.3520020585755685,-1.014674413971504,-0.5776452075603039,1.5016038381698644,-0.06265449179590189
0,1,-1.7010779406014163,-1.6884569673453949,0.14952595881771283,-0.49929405602888544,1.463106056550922
1,0,1.3408690313381462,1.4109427781745174,0.8267388007880796,-0.7994287401586979,0.7395495078503663
0,1,-2.100021805773826,-2.42961777605669,-1.1327377009786372,1.1714556856270708,-0.6131866484158899
1,0,-1.4018700417221304,-1.014674413971504,-0.14467306269400387,0.2910606121796206,1.6361304486314896
1,0,0.1440374358209459,1.2088080121623426,1.148692446970713,-1.3696846400053415,1.2428931939029269
1,0,-0.8533222271100637,-1.2841874353210452,-0.18908046216747057,0.6112042752514208,-0.44016225633532224
1,0,-0.1053024799118065,0.7371602248006268,-0.4055665346006206,0.6112042752514208,-0.7862110404964575
0,1,0.1939054189674794,-0.13875709458543867,-0.6553581566388706,0.7212536594323522,-1.6985214714667234
1,0,-0.7535862608169684,-0.8125396479593293,-1.1493904757811872,1.9117879064806083,0.11036990028466577
1,0,-0.2549064293514636,-0.5430266266097884,-0.810784054796004,0.7312581489033454,-1.383931667683873
1,0,-0.5541143282307779,-0.8799179032967337,-0.5609924327577539,1.1714556856270708,-0.6918340993616025
0,1,1.0915291156053937,0.9392949908127634,-0.005899939339420535,-0.25918630872503556,-1.1165303344684503
1,0,-0.4543783619376542,-0.07137883924807259,0.2605444575013795,-0.3392222244929853,1.6833189191989173
1,0,0.6427172672864507,0.19813418210150666,0.11622040921261281,-0.369235692905967,0.330582762932661
1,0,-0.15517046305836832,-0.5430266266097884,0.5880490286181962,-0.9194826138106228,0.4564186844458011
0,1,1.839548862803651,1.613077544186654,0.005201910528946133,-0.25918630872503556,0.5979840961480837
0,0,-0.40451037879112073,-0.8799179032967337,-0.910700703611304,1.5116083276408583,-0.4716212367136073
0,1,0.2437734021140412,0.9392949908127634,-0.827436829598554,1.191464664569058,-0.6289161386050324
1,0,0.7923212167261079,0.535025458788452,-0.022552714141970538,-0.45927609814491055,0.6294430765263688
0,1,-1.2023981091359115,-0.9472961586340998,-0.694214631178154,0.5411728489544643,0.47214817463494363
0,1,1.1413970987519555,1.0740515014875722,0.38266480605341285,-0.009074071950191864,0.4406891942566586
1,0,-1.5514739911617874,-1.418943945995854,-0.9551081030847707,0.7112491699613583,1.5102945271183497
0,1,0.293641385260603,-0.0040005839106682,-0.33895543539042056,-0.369235692905967,-0.20421990349818453
1,0,-1.5514739911617874,-1.3515656906584494,-1.1493904757811872,1.3915544539889328,-1.5884150401427257
1,0,0.9419251661657366,0.26551243743887276,0.3937666559217795,-0.5193030349708732,-0.5817276680376049
1,0,-0.4543783619376542,0.19813418210150666,-0.710867405980704,0.2110246964116709,-0.5345391974701773
0,1,-0.4543783619376542,-1.0820526693089085,-1.160492325649554,1.361540985575952,-0.7232930797398875
1,0,-0.5042463450842161,-0.07137883924807259,-0.710867405980704,0.4711414226575085,-0.21994939368732705
1,0,2.088888778536403,2.2868600975605444,-0.5831961324944873,0.25104265429564576,1.0541393116332167
0,1,0.8421891998726413,0.535025458788452,-0.1280202878914539,0.04094837540477688,-0.9435059423878827
0,1,1.7896808796571175,1.6804557995240583,-0.4444230091399039,0.8212985541422897,-1.4311201382513006
0,1,-0.953058193403159,-1.418943945995854,-0.8995988537429374,1.5116083276408583,-1.0378828835227378
1,0,1.0915291156053937,1.0740515014875722,-0.8662933041378373,0.4311234647735329,-0.5659981778484624
1,0,-1.2023981091359115,-0.4082701159350179,-1.1826960253862873,0.9813703856781891,1.431647076172637
0,1,0.2437734021140412,1.2761862674997086,0.7268221519727796,-1.3696846400053415,-0.2985968446330396
1,0,-0.1053024799118065,-0.4082701159350179,-0.727520180783254,0.5611818278964521,0.7552789980395088
0,0,0.6427172672864507,0.4002689481136815,0.36601203125086285,-0.7494062928037292,-0.770481550307315
1,0,0.09416945267438409,-0.3408918605976135,-0.677561856375604,0.11097980170173341,0.330582762932661
1,0,-0.1053024799118065,-0.6104048819471545,0.40486850579014616,-0.45927609814491055,1.5260240173074922
0,1,-1.0527941596962826,-1.014674413971504,-1.3270200736750541,1.3015140487499894,1.006950841065789
1,0,-0.9031902102566255,-1.0820526693089085,-0.8884970038745706,0.31106959112160837,-0.67610460917246
1,0,0.3933773515536983,0.6024037141258181,-0.7830294301250873,-0.17915039295708515,-0.9120469620095977
1,0,1.6899449133639939,1.545699288849288,0.6879656774334962,-0.6093434402098168,-0.4716212367136073
1,0,1.7896808796571175,1.1414297568249383,0.038507460134046136,-0.1491369245441042,-0.6918340993616025
1,0,-1.4018700417221304,-0.9472961586340998,0.6269055031574795,-0.7894242506877039,-0.8805879816313127
0,0,-0.8533222271100637,-1.2841874353210452,6.089015638393881,-2.7202907185894976,-0.37724429557875216
1,0,0.1440374358209459,-0.4082701159350179,-0.3833628348638872,-0.6493613980937917,0.6294430765263688
1,0,0.04430146952785062,-0.4082701159350179,0.16062780868607948,-0.029083050892178934,-1.0378828835227378
1,0,1.6899449133639939,1.545699288849288,-0.33340451045623726,0.28105612270862673,-0.25140837406561206
0,1,-0.1053024799118065,-0.0040005839106682,0.5158870044738129,-0.6293524191518038,1.006950841065789
0,1,-0.953058193403159,-1.48632220133322,-0.20018231203583722,0.4711414226575085,-0.8491290012530276
0,1,-1.1525301259893779,-0.6777831372845589,-0.1946313871016539,0.04094837540477688,-1.1479893148467355
1,0,-1.4018700417221304,-1.418943945995854,0.22723890789627949,-0.4192581402609357,0.5036071550132286
0,1,-0.5541143282307779,-0.07137883924807259,-0.2112841619042039,-0.28919977713801653,-0.5974571582267474
0,1,-0.0055665136187112016,-0.6777831372845589,-0.9495571781505874,0.5811908068384392,-0.42443276614617975
0,1,0.9419251661657366,0.6024037141258181,0.18838243335699617,-0.10911896666012935,1.5889419780640621
1,0,0.6427172672864507,0.6697819694632224,0.20503520815954615,-0.959500571694598,0.6766315470937962
1,0,0.1440374358209459,0.7371602248006268,0.7601277015778796,-1.1395813821724852,0.7867379784177939
0,1,1.6899449133639939,1.0066732461501677,1.5428081172977297,-1.5297564715412415,0.2676648021760909
1,0,1.2910010481916128,1.3435645228371131,1.3429748196671296,-1.149585871643479,1.3844586056052095
1,0,-0.5541143282307779,0.19813418210150666,-0.4610757839424539,0.41111448583154586,0.15755837085209332
1,0,0.1939054189674794,-0.2735136052602091,-1.0161682773607874,0.591195296309433,-0.6918340993616025
0,1,-1.2522660922824733,-0.9472961586340998,-0.37226098499552057,0.4911504015994956,1.4159175859834945
1,0,0.293641385260603,1.3435645228371131,-0.7386220306516207,1.5116083276408583,0.4406891942566586
0,0,1.0915291156053937,1.0740515014875722,-1.010617352426604,0.4211189753025398,0.5350661353915137
1,0,-1.2522660922824733,-0.8125396479593293,-0.20573323697002055,0.591195296309433,0.6609020569046538
1,0,1.2910010481916128,0.6697819694632224,-0.10581658815472055,0.28105612270862673,0.6294430765263688
1,0,1.1413970987519555,0.8045384801379929,-0.8496405293352873,1.0313928330331579,0.03172244933895319
1,0,-0.6538502945238731,-0.13875709458543867,-1.027270127229154,1.3315275171629704,1.6361304486314896
1,0,-0.2050384462049018,0.6697819694632224,-0.6053998322312206,-0.169145903486092,0.2519353119869484
1,0,-2.199757772066921,-2.6317525420688264,-0.8662933041378373,0.8713210014972584,0.6137135863372263
1,0,0.09416945267438409,1.1414297568249383,0.3549101813824962,-0.9494960822236042,1.0698688018223592
0,1,-0.3546423956445589,0.6024037141258181,1.5927664417053797,-1.4897385136572663,-1.6670624910884384
1,0,0.7424532335795461,0.4002689481136815,2.347692232754313,-1.9799584977359603,0.2519353119869484
1,0,0.7424532335795461,0.7371602248006268,-0.6276035319679539,1.2114736435110458,0.20474684141952085
1,0,-0.9031902102566255,-0.8799179032967337,-0.727520180783254,0.0009304175208020274,-1.5569560597644407
0,0,-0.40451037879112073,0.06337767142673618,0.0163037603973128,-0.389244671847954,-1.619874020521011
1,0,-1.0029261765497208,-1.48632220133322,-0.8496405293352873,1.7317070960027203,0.6137135863372263
0,1,-0.7037182776704066,-0.4082701159350179,1.3041183451278464,-1.2496307663534165,0.7238200176612238
0,1,0.2437734021140412,-0.20613534992284305,-1.0661266017684374,1.4315724118729078,0.4406891942566586
1,0,0.2437734021140412,1.0066732461501677,-1.2382052747281207,0.9713658962071959,-0.8333995110638851
1,0,0.34350936840713653,0.13075592676410228,0.1661787336202628,-0.7193928243907481,-1.2109072756033055
0,1,0.1939054189674794,0.13075592676410228,-0.8829460789403873,0.7312581489033454,-1.619874020521011
1,0,0.34350936840713653,0.6697819694632224,-0.8995988537429374,0.991374875149183,0.2519353119869484
0,1,-1.0029261765497208,-1.6884569673453949,-0.6220526070337706,0.5111593805414834,-0.20421990349818453
0,0,-1.0527941596962826,-0.5430266266097884,0.2105861330937295,-0.5293075244418664,-1.619874020521011
1,0,-1.7010779406014163,-1.7558352226827991,-0.41111745953480394,0.7812805962583141,1.2428931939029269
1,0,0.5928492841398889,0.4002689481136815,-0.8551914542694706,0.9213434488522272,-0.04692500160675938
0,0,-0.2050384462049018,0.6697819694632224,0.9710628490768463,-0.9795095506365854,0.31485327274351843
1,0,-0.9031902102566255,-0.8799179032967337,0.36601203125086285,-1.0595454664045354,-0.9592354325770253
1,0,0.2437734021140412,-0.47564837127238396,-0.9218025534796707,0.8813254909682516,1.620400958442347
1,0,0.34350936840713653,-0.0040005839106682,-0.7996822049276373,0.801289575200302,-0.3615148053896097
1,0,-0.7037182776704066,-0.6104048819471545,-0.011450864273603869,-0.42926262973192886,1.4159175859834945
1,0,-0.15517046305836832,0.13075592676410228,-0.44997393407408726,0.34108305953458934,-1.258095746170733
1,0,-0.6538502945238731,-0.07137883924807259,0.2994009320406628,0.25104265429564576,0.5979840961480837
0,1,-1.5016060080152256,-1.2841874353210452,-0.977311802821504,0.5311683594834704,1.3844586056052095
1,0,0.2437734021140412,-0.13875709458543867,-0.1779786122991039,0.25104265429564576,0.1418288806629508
1,0,-0.1053024799118065,0.535025458788452,-0.7219692558490707,1.191464664569058,0.7238200176612238
0,0,0.09416945267438409,1.0066732461501677,-0.4721776338108206,0.28105612270862673,-0.31432633482218214
0,1,1.7896808796571175,1.2761862674997086,0.4326231304610629,-0.39924916131894794,-0.20421990349818453
1,0,-0.1053024799118065,-0.6104048819471545,-0.30009896085113724,-0.009074071950191864,1.5574829976857771
0,1,-0.0055665136187112016,0.9392949908127634,-1.0383719770975206,2.181909122197439,-1.5412265695752982
1,0,0.9917931493122984,-0.20613534992284305,-0.694214631178154,-0.369235692905967,1.5889419780640621
0,1,0.1939054189674794,-0.13875709458543867,1.0321230233528629,-0.959500571694598,1.368729115416067
1,0,-1.750945923747978,-1.6210787120079904,-0.6886637062439707,0.4211189753025398,-0.031195511417616863
1,0,-0.5042463450842161,0.19813418210150666,-0.10581658815472055,0.5011548910704895,0.9912213508766465
0,1,1.0416611324588603,0.8719167354753973,-0.4777285587450039,0.5111593805414834,1.0384098214440742
1,0,-0.40451037879112073,0.13075592676410228,0.8766971251957296,-0.9394915927526102,-1.5097675891970133
0,1,-1.6512099574548829,-1.48632220133322,-1.4047330227536208,2.0518507590745205,-1.6985214714667234
0,1,-0.3546423956445589,-0.47564837127238396,-0.08916381335217055,-0.20916386137006684,1.5102945271183497
1,0,-1.102662142842816,-0.20613534992284305,-1.0994321513735374,0.9213434488522272,1.5732124878749196
1,0,-0.3546423956445589,-1.014674413971504,-0.6997655561123373,-0.1491369245441042,-0.8019405306856001
0,1,0.34350936840713653,1.0740515014875722,-1.060575676834254,2.2519405484943955,-1.1322598246575928
1,0,-0.8034542439635303,-1.3515656906584494,0.1772805834886295,-0.25918630872503556,-0.9120469620095977
1,0,-0.40451037879112073,-1.0820526693089085,-0.5221359582184706,0.35108754900558325,1.8248843309012
0,1,1.1413970987519555,1.1414297568249383,-0.1946313871016539,-0.2691907981960295,-0.015466021228474349
1,0,0.09416945267438409,1.2088080121623426,-0.5720942826261206,0.8212985541422897,1.0541393116332167
1,0,1.540340963924365,1.8825905655362332,4.3848816835995965,-2.4901874607566414,0.07891091990638074
1,0,0.9419251661657366,0.6024037141258181,0.4270722055268795,-0.5493165033838542,-0.9749649227661678
1,0,0.6925852504329842,0.7371602248006268,1.448442393416613,-1.3996981084183229,0.42495970406751604
0,1,0.6925852504329842,0.19813418210150666,0.3937666559217795,-1.0895589348175165,0.912573899930934
1,0,0.49311331784679363,0.33289069277627714,2.181164484728813,-1.829891155671054,-0.45589174652446474
1,0,-0.4543783619376542,0.4002689481136815,2.1201043104527963,-1.6097923873091917,0.7867379784177939
0,1,-1.3520020585755685,-1.0820526693089085,0.8156369509197129,-0.5493165033838542,-0.1727609231198995
0,1,-1.102662142842816,-0.4082701159350179,-1.7377885188046207,1.8717699485966333,0.330582762932661
0,1,0.9419251661657366,0.6024037141258181,-0.6553581566388706,0.6212087647224147,-1.289554726549018
0,1,1.6899449133639939,1.0740515014875722,-0.5165850332842873,1.001379364620177,0.8653854293635065
1,0,-0.5042463450842161,0.06337767142673618,-0.4222193094031706,-0.25918630872503556,-0.8176700208747426
0,1,0.04430146952785062,0.9392949908127634,-0.827436829598554,1.2114736435110458,-0.21994939368732705
1,0,-0.3546423956445589,0.33289069277627714,-1.4324876474245374,1.981819332777564,-1.4625791186295858
1,0,0.293641385260603,0.06337767142673618,-0.2445897115093039,0.23103367535365796,0.3777712335000885
0,1,0.8920571830192031,-0.07137883924807259,-1.1382886259128207,2.1018732064294894,1.1642457429572142
0,1,0.7424532335795461,0.4002689481136815,-0.6387053818363206,0.7012446804903645,-1.289554726549018
1,0,-0.5042463450842161,-1.0820526693089085,0.1772805834886295,-0.13913243507311032,-1.619874020521011
1,0,-0.6538502945238731,-0.20613534992284305,0.04405838506822947,-0.25918630872503556,-1.6985214714667234
1,0,0.9917931493122984,-0.13875709458543867,-0.03920548894452054,-0.059096519305160605,-1.6670624910884384
1,0,0.2437734021140412,1.3435645228371131,-0.22793693670675388,0.2910606121796206,-1.3052842167381606
0,1,-0.6538502945238731,-0.20613534992284305,1.8259052889410796,-1.6197968767801851,0.15755837085209332
1,0,0.8920571830192031,0.535025458788452,0.0995676344100628,-0.6693703770357794,1.2900816644703543
1,0,-1.0029261765497208,-1.216809179983679,-0.4444230091399039,0.2110246964116709,0.5979840961480837
0,1,1.540340963924365,0.8045384801379929,-0.2778952611144039,0.45113244371552075,-1.2738252363598754
1,0,1.7896808796571175,1.815212310198829,-0.6109507571654039,0.771276106787321,1.4159175859834945
0,1,0.6925852504329842,0.33289069277627714,-0.4888304086133706,0.5311683594834704,1.1799752331463567
1,0,-0.6039823113773113,0.33289069277627714,-0.41666838446898724,0.6412177436644018,1.5574829976857771
0,1,0.1939054189674794,0.33289069277627714,0.005201910528946133,-0.6593658875647855,-1.195177785414163
1,0,1.1413970987519555,0.7371602248006268,-0.9218025534796707,1.3015140487499894,1.1485162527680717
0,1,0.34350936840713653,1.545699288849288,-0.6053998322312206,0.7212536594323522,0.362041743310946
1,0,0.3933773515536983,0.8045384801379929,-0.2612424863118539,-0.09911447718913546,0.01599295914981068
1,0,-1.2023981091359115,-0.8799179032967337,-1.2215524999255707,1.0914197698591206,0.5193366452023711
1,0,1.0416611324588603,0.8045384801379929,-0.2612424863118539,0.5011548910704895,0.849655939174364
0,1,0.09416945267438409,-0.3408918605976135,0.5713962538156462,-1.1195724032304977,-0.25140837406561206
1,0,0.1440374358209459,-0.47564837127238396,0.40486850579014616,-0.39924916131894794,0.7867379784177939
0,0,0.1939054189674794,0.4676472034510476,0.6491092028942129,-0.369235692905967,0.29912378255437594
1,0,-1.2522660922824733,-1.216809179983679,0.3937666559217795,-0.6393569086227977,0.11036990028466577
0,1,1.1413970987519555,1.2088080121623426,-1.0217192022949706,1.0113838540911708,-0.06265449179590189
0,1,-1.3021340754290351,-0.7451613926219632,-0.9051497786771207,-0.09911447718913546,1.1485162527680717
0,0,0.9917931493122984,-0.13875709458543867,-1.4380385723587208,1.7317070960027203,0.6137135863372263
1,0,-1.0527941596962826,-0.6777831372845589,0.1273222590809795,-0.4192581402609357,-1.0693418639010228
1,0,0.293641385260603,-0.47564837127238396,-0.7219692558490707,-0.12912794560211643,0.11036990028466577
0,1,0.09416945267438409,-0.13875709458543867,1.132039672168163,-1.5897834083672038,-1.415390648062158
0,0,-0.3546423956445589,-0.9472961586340998,-0.10581658815472055,0.14099327011471438,-0.644645628794175
0,0,-0.0055665136187112016,-0.6777831372845589,0.46037775513197954,-0.8194377191006853,-0.07838398198504441
1,0,1.241133065045051,1.4783210335118835,1.1042850474972463,-1.469729534715279,-1.4783086088187283
1,0,1.241133065045051,1.3435645228371131,2.8472754768308133,-2.110016860858879,-1.0693418639010228
1,0,0.293641385260603,0.13075592676410228,-1.227103424859754,1.1014242593301145,-1.5726855499535832
0,1,0.1440374358209459,1.0740515014875722,0.4326231304610629,-0.7494062928037292,0.11036990028466577
1,0,-0.9031902102566255,-0.4082701159350179,-0.7830294301250873,1.2915095592789956,-0.45589174652446474
0,1,1.1912650818984891,0.33289069277627714,-0.21683508683838723,-0.3292177350219914,0.881114919552649
1,0,1.0416611324588603,0.4676472034510476,-0.2667934112460372,0.28105612270862673,-0.15703143293075697
1,0,-0.8533222271100637,-1.0820526693089085,-0.2723443361802206,0.17100673852769604,0.975491860687504
1,0,-0.3546423956445589,0.26551243743887276,1.0321230233528629,-1.3196621926503727,0.9283033901200766
1,0,1.0915291156053937,0.9392949908127634,-0.22238601177257056,-0.2291728403120539,-0.8333995110638851
0,0,0.7923212167261079,0.4002689481136815,0.08846578454169614,0.04094837540477688,0.4878776648240861
0,1,-1.3520020585755685,-1.014674413971504,0.948859149340113,-1.2296217874114292,0.47214817463494363
0,0,-2.199757772066921,-2.6317525420688264,-1.5712607707791209,2.231931569552408,0.5350661353915137
1,0,-0.0055665136187112016,-0.6104048819471545,-0.5998489072970373,0.5411728489544643,-0.2828673544438971
0,1,-1.3520020585755685,-1.0820526693089085,-0.4999322584817373,0.44112795424452683,-1.163718805035878
0,1,-1.3021340754290351,-1.014674413971504,0.14952595881771283,-0.8594556769846605,-0.5030802170918923
1,0,-1.1525301259893779,-0.7451613926219632,1.6593775409155798,-1.269639745295404,-0.14130194274161448
0,1,-0.3546423956445589,-1.014674413971504,-0.8496405293352873,0.2210291858826648,-1.226636765792448
1,0,-1.0527941596962826,-1.014674413971504,0.7989841761171629,-1.149585871643479,-0.7075635895507449
1,0,0.8920571830192031,0.06337767142673618,1.1042850474972463,-1.1996083189984479,-0.7862110404964575
0,0,0.293641385260603,-0.0040005839106682,-0.3112008107195039,0.401109996360552,-0.1727609231198995
0,1,-1.3021340754290351,-0.8799179032967337,-0.8163349797301873,0.6412177436644018,1.0384098214440742
1,0,-0.5541143282307779,-1.1494309246462746,0.20503520815954615,-0.3392222244929853,-1.5884150401427257
1,0,0.1440374358209459,1.1414297568249383,-0.13357121282563722,-0.2491818192540417,-1.619874020521011
1,0,0.09416945267438409,1.0740515014875722,1.598317366639563,-1.2996532137083854,-1.3524726873055881
1,0,-0.8533222271100637,-1.1494309246462746,-0.5942979823628539,0.6912401910193705,-0.67610460917246
0,0,-1.2522660922824733,-0.7451613926219632,-0.6664600065072372,1.0714107909171333,-1.5884150401427257
1,0,0.2437734021140412,-0.13875709458543867,-0.8884970038745706,1.4215679224019147,1.5574829976857771
1,0,-1.3021340754290351,-0.9472961586340998,0.5325397792763629,-0.9494960822236042,0.8024674686069364
1,0,-0.40451037879112073,-0.8799179032967337,-1.1882469503204707,1.1014242593301145,0.9912213508766465
0,1,0.6925852504329842,0.8045384801379929,1.0432248732212297,-1.349675661063354,-1.0221533933335953
0,0,-0.9031902102566255,-0.6777831372845589,-0.08361288841798721,-0.08910998771814158,-0.12557245255247196
1,0,1.839548862803651,1.545699288849288,-0.15577491256237055,-0.10911896666012935,0.1418288806629508
1,0,-1.0029261765497208,-1.0820526693089085,-0.37226098499552057,0.20102020694067702,-1.4625791186295858
1,0,0.3933773515536983,0.535025458788452,-0.2945480359169539,0.571186317367446,0.5979840961480837
0,1,-0.5541143282307779,0.13075592676410228,-1.1549414007153707,0.9013344699102395,0.20474684141952085
1,0,1.7398128965105557,1.0740515014875722,0.2105861330937295,-0.18915488242807907,0.06318142971723822
1,0,-0.6039823113773113,0.33289069277627714,-0.8607423792036539,1.2815050698080015,1.4473765663617795
0,1,0.9419251661657366,0.6024037141258181,-1.2326543497939373,1.191464664569058,-1.0693418639010228
1,0,-1.0527941596962826,-1.418943945995854,-0.35005728525878727,0.5211638700124772,-0.2671378642547546
1,0,0.49311331784679363,0.8719167354753973,-1.093881226439354,1.0914197698591206,-0.7547520601181725
1,0,-2.199757772066921,-2.5643742867314603,1.5761136669028297,-1.4197070873603101,-1.2423662559815905
1,0,0.09416945267438409,-0.20613534992284305,-1.4657931970296374,2.0718597380165082,-1.4625791186295858
1,0,-0.953058193403159,-1.6210787120079904,-1.027270127229154,0.3310785700635955,0.7395495078503663
0,0,1.0915291156053937,0.7371602248006268,-0.6276035319679539,1.0614063014461395,-0.10984296236332944
1,0,0.293641385260603,-0.0040005839106682,-0.5609924327577539,1.381549964517939,-0.07838398198504441
0,1,0.04430146952785062,1.1414297568249383,-0.7719275802567206,0.8513120225552707,1.5260240173074922
0,1,-0.8533222271100637,-1.48632220133322,-1.160492325649554,1.5416217960538392,0.09464041009552325
1,0,-0.6039823113773113,-0.13875709458543867,-0.30009896085113724,0.24103816482465185,-0.5345391974701773
0,1,0.2437734021140412,0.13075592676410228,-0.8496405293352873,0.8212985541422897,1.8406138210903424
1,0,0.9917931493122984,-0.13875709458543867,-0.3278535855220539,0.0009304175208020274,1.431647076172637
0,1,0.7424532335795461,0.4676472034510476,1.8425580637436296,-1.869909113555029,0.6923610372829389
1,0,1.1912650818984891,0.6697819694632224,0.18838243335699617,-0.3492267139639792,1.3372701350377818
1,0,-1.0029261765497208,-1.216809179983679,-0.2778952611144039,0.04094837540477688,-1.5254970793861558
0,1,1.241133065045051,0.7371602248006268,0.5491925540789129,-0.7994287401586979,1.4159175859834945
1,0,1.4406049976312414,1.613077544186654,-0.5165850332842873,0.17100673852769604,1.3844586056052095
1,0,-1.0527941596962826,-0.6104048819471545,-0.5387887330210206,1.0313928330331579,-1.3210137069273031
0,1,-0.0055665136187112016,0.8719167354753973,0.49923422967126285,-0.7894242506877039,-0.8333995110638851
1,0,0.9917931493122984,0.4002689481136815,-0.960659028018954,0.771276106787321,1.5417535074966346
1,0,0.1440374358209459,-0.13875709458543867,-0.4055665346006206,0.1209842911727273,0.7552789980395088
0,1,-0.953058193403159,-0.5430266266097884,-0.4388720842057206,0.5811908068384392,-0.44016225633532224
1,0,-1.3021340754290351,-0.5430266266097884,-0.4444230091399039,-0.20916386137006684,1.3058111546594968
0,1,-0.6039823113773113,-1.014674413971504,0.2105861330937295,-0.6793748665067726,-1.6985214714667234
1,0,-0.4543783619376542,0.19813418210150666,-0.4444230091399039,0.6712312120773835,-0.37724429557875216
0,1,-0.8034542439635303,-1.216809179983679,-0.22238601177257056,0.0009304175208020274,1.620400958442347
1,0,1.6400769302174603,0.9392949908127634,-0.15577491256237055,0.34108305953458934,-0.67610460917246
1,0,-0.5042463450842161,0.06337767142673618,-0.6831127813097873,0.591195296309433,-0.9592354325770253
0,1,-1.4517380248686638,-1.0820526693089085,0.27164630736974615,-0.6593658875647855,1.5102945271183497
0,1,-0.2549064293514636,0.4676472034510476,-0.6442563067705039,1.6516711802347706,-1.5884150401427257
1,0,-1.601341974308321,-1.6210787120079904,-0.14467306269400387,0.0009304175208020274,0.34631225312180347
0,1,-1.3021340754290351,-1.0820526693089085,0.7545767766436963,-1.0495409769335415,-0.770481550307315
1,0,-0.953058193403159,-0.0040005839106682,-0.02810363907615387,-0.6293524191518038,-0.9592354325770253
1,0,-0.8034542439635303,-0.3408918605976135,-0.7885803550592706,1.0313928330331579,0.03172244933895319
0,1,0.04430146952785062,0.13075592676410228,-0.6109507571654039,0.20102020694067702,1.5417535074966346
0,1,-0.4543783619376542,-1.216809179983679,-0.5776452075603039,0.5211638700124772,-0.9906944129553102
0,1,2.088888778536403,2.2868600975605444,-0.710867405980704,1.4815948592278765,-1.0064239031444528
1,0,0.6925852504329842,0.4002689481136815,-0.5221359582184706,0.3911055068895581,1.6046714682532046
0,1,-0.8533222271100637,-0.2735136052602091,-0.3889137597980706,1.4815948592278765,1.3058111546594968
1,0,0.293641385260603,1.0066732461501677,-0.4444230091399039,0.7012446804903645,-0.7075635895507449
0,1,1.7896808796571175,1.4109427781745174,2.3754468574252297,-1.9099270714390042,-1.6670624910884384
1,0,0.7424532335795461,0.4676472034510476,-0.727520180783254,0.7312581489033454,-0.45589174652446474
1,0,-0.6039823113773113,-0.7451613926219632,-0.46662670887663726,0.13098878064372046,1.5732124878749196
0,1,-1.3021340754290351,-0.9472961586340998,0.3604611063166795,-0.7193928243907481,-0.3615148053896097
0,0,-1.102662142842816,-0.5430266266097884,0.6047018034207462,-0.6993838454487604,-1.2423662559815905
1,0,1.7896808796571175,1.2088080121623426,1.0931831976288795,-0.7093883349197543,-0.14130194274161448
0,1,0.04430146952785062,-0.3408918605976135,-0.42777023433735395,0.28105612270862673,-0.9120469620095977
0,0,0.293641385260603,0.4002689481136815,1.614970141442113,-1.3796891294763354,-0.4716212367136073
0,1,-0.40451037879112073,0.26551243743887276,-0.20573323697002055,-0.019078561421185754,-1.163718805035878
1,0,1.839548862803651,1.613077544186654,-0.7497238805199873,0.6612267226063896,0.17328786104123584
0,0,-0.6039823113773113,-0.0040005839106682,-0.05030733881288721,-0.169145903486092,-0.8648584914421701
1,0,-0.953058193403159,-1.48632220133322,0.3715629561850462,-0.6993838454487604,0.34631225312180347
1,0,-0.6538502945238731,0.06337767142673618,0.10511855934424615,-0.2391773297830478,-1.0064239031444528
1,0,-0.953058193403159,-1.216809179983679,-0.31675173565368725,-0.20916386137006684,-1.4311201382513006
1,0,-0.30477441249802545,-0.47564837127238396,-0.5054831834159206,0.8613165120262646,-1.0064239031444528
1,0,-0.6538502945238731,-0.5430266266097884,-0.794131279993454,0.48114591212850166,1.1013277822006442
0,1,-0.5042463450842161,0.19813418210150666,-0.2501406364434872,0.6612267226063896,0.5665251157697987
1,0,0.09416945267438409,-0.4082701159350179,2.4531598065037965,-1.8599046240840353,-1.0064239031444528
1,0,1.1912650818984891,0.7371602248006268,0.14397503388352947,0.28105612270862673,0.8653854293635065
1,0,1.2910010481916128,1.2761862674997086,-1.027270127229154,0.801289575200302,-0.644645628794175
1,0,0.4432453347002318,1.4109427781745174,-0.42777023433735395,0.601199785780427,0.912573899930934
1,0,0.3933773515536983,1.2761862674997086,-0.22793693670675388,-0.0691010087761545,-1.3367431971164456
1,0,0.34350936840713653,0.6697819694632224,0.3160537068432128,-0.3092087560800043,1.0384098214440742
0,1,-0.40451037879112073,-0.0040005839106682,-1.0550247519000706,1.0413973225041517,1.856343311279485
0,1,0.3933773515536983,0.06337767142673618,0.8156369509197129,-1.3096577031793792,0.31485327274351843
0,1,0.6925852504329842,0.535025458788452,-0.05030733881288721,-0.009074071950191864,-0.015466021228474349
0,0,1.241133065045051,1.0066732461501677,0.48258145486871284,-0.39924916131894794,-1.0064239031444528
1,0,0.3933773515536983,1.2761862674997086,0.11622040921261281,-0.8194377191006853,-1.3682021774947306
1,0,-0.15517046305836832,-0.5430266266097884,0.4270722055268795,-0.8394466980426727,1.0541393116332167
0,1,0.8920571830192031,0.6697819694632224,1.664928465849763,-1.6398058557221726,-1.226636765792448
1,0,0.09416945267438409,-0.20613534992284305,-0.5054831834159206,-0.3192132455509982,-1.4783086088187283
0,1,0.9917931493122984,0.33289069277627714,-0.8773951540062039,1.8417564801836517,1.463106056550922
0,1,1.8894168459502128,2.084725331548408,3.20808559755273,-2.14003032927186,-1.3524726873055881
1,0,0.9917931493122984,0.535025458788452,-0.4721776338108206,-0.3392222244929853,-1.6985214714667234
1,0,-0.5042463450842161,-0.4082701159350179,1.215303546180913,-1.429711576831304,-0.6289161386050324
1,0,-0.4543783619376542,0.4002689481136815,-1.1826960253862873,0.9713658962071959,-0.4716212367136073
1,0,0.293641385260603,1.1414297568249383,-0.061409188681253876,0.3911055068895581,1.2114342135246419
1,0,-0.15517046305836832,-0.4082701159350179,-0.9828627277556873,1.191464664569058,0.1418288806629508
1,0,0.6925852504329842,0.4002689481136815,-0.3223026605878706,-0.2391773297830478,-0.4873507269027498
1,0,0.1440374358209459,-0.07137883924807259,-0.8995988537429374,1.5316173065828453,-1.6356035107101534
1,0,1.0915291156053937,1.1414297568249383,0.09401670947587948,-0.13913243507311032,0.5822546059589412
1,0,1.1413970987519555,1.1414297568249383,-0.4777285587450039,0.1209842911727273,0.6137135863372263
1,0,-0.8533222271100637,-1.418943945995854,0.9100026748008296,-1.1095679137595043,0.6137135863372263
1,0,-0.8034542439635303,-1.1494309246462746,-0.3667100600613373,-0.009074071950191864,1.1957047233354994
0,1,-0.7535862608169684,-0.20613534992284305,-0.08916381335217055,0.4611369331865146,-0.3929737857678947
1,0,1.9392848290967462,2.152103586885774,0.005201910528946133,0.44112795424452683,0.17328786104123584
1,0,1.839548862803651,1.4783210335118835,0.16062780868607948,-0.6193479296808106,-0.188490413309042
1,0,0.6427172672864507,0.4676472034510476,0.38266480605341285,-0.8594556769846605,-0.3457853152004672
0,1,-0.7535862608169684,-0.8125396479593293,0.0995676344100628,-0.39924916131894794,-1.3682021774947306
0,1,-1.1525301259893779,-1.8905917333575697,-0.927353478413854,1.2815050698080015,-1.1794482952250205
0,0,-0.15517046305836832,-0.5430266266097884,0.8433915755906296,-1.2296217874114292,1.494565036929207
1,0,0.9419251661657366,0.33289069277627714,-0.6331544569021372,1.1114287488011083,1.0226803312549315
1,0,0.7923212167261079,0.4002689481136815,0.1273222590809795,-0.559320992854848,0.849655939174364
1,0,-0.6039823113773113,-0.47564837127238396,-1.010617352426604,0.7112491699613583,1.0698688018223592
1,0,-1.2522660922824733,-0.9472961586340998,0.038507460134046136,-0.6193479296808106,0.4878776648240861
0,1,-1.2023981091359115,-0.9472961586340998,0.25499353256719615,0.20102020694067702,-0.2828673544438971
0,1,-0.953058193403159,-0.6777831372845589,-0.03365456401033721,-0.389244671847954,1.2743521742812118
0,0,-0.7535862608169684,-0.6777831372845589,-0.044756413878703875,-0.9194826138106228,1.6361304486314896
1,0,2.03902079538987,2.084725331548408,0.09401670947587948,-0.369235692905967,-0.3457853152004672
0,1,0.9917931493122984,0.7371602248006268,-0.7386220306516207,0.8813254909682516,0.8024674686069364
1,0,-0.8034542439635303,-1.2841874353210452,-0.910700703611304,1.0814152803881265,-0.21994939368732705
0,0,-0.15517046305836832,-0.5430266266097884,-1.0217192022949706,0.48114591212850166,0.29912378255437594
1,0,-0.2549064293514636,-0.5430266266097884,-0.22238601177257056,0.15099775958570827,1.0541393116332167
0,0,0.34350936840713653,1.613077544186654,-0.4555248590082706,0.7212536594323522,-0.5345391974701773
0,0,0.9419251661657366,-0.13875709458543867,1.0265720984186797,-1.2496307663534165,0.28339429236523345
1,0,-0.2050384462049018,0.7371602248006268,-0.10026566322053722,-0.2791952876670227,0.362041743310946
1,0,0.6925852504329842,0.33289069277627714,-0.5942979823628539,1.4315724118729078,-0.42443276614617975
1,0,-0.5042463450842161,0.26551243743887276,-0.9329044033480374,1.381549964517939,1.88780229165777
0,0,-0.6039823113773113,0.06337767142673618,-0.8829460789403873,0.401109996360552,-0.8176700208747426
0,1,0.2437734021140412,1.2088080121623426,0.28829908217229616,0.20102020694067702,1.1642457429572142
1,0,1.9392848290967462,2.152103586885774,-0.3223026605878706,0.0009304175208020274,-0.12557245255247196
1,0,-0.4543783619376542,-1.1494309246462746,-0.08361288841798721,-0.589334461267829,0.31485327274351843
0,1,0.7923212167261079,0.535025458788452,-1.0883303015051706,0.9513569172652081,0.5036071550132286
1,0,0.04430146952785062,-0.4082701159350179,0.11622040921261281,0.771276106787321,-1.289554726549018
0,1,0.3933773515536983,0.7371602248006268,0.2438916826988295,-0.7894242506877039,0.12609939047380828
1,0,-0.8034542439635303,-0.8125396479593293,-0.44997393407408726,0.01093490699179592,0.04745193952809571
1,0,0.5429813009933554,0.6697819694632224,0.7656786265120629,-1.0895589348175165,1.2586226840920693
0,0,-1.3520020585755685,-1.1494309246462746,-0.43332115927153725,0.15099775958570827,0.0002634689606681657
1,0,0.5928492841398889,0.4676472034510476,0.5824981036840129,-0.8394466980426727,0.912573899930934
1,0,-1.0029261765497208,-1.5537004566706243,-0.844089604401104,1.0814152803881265,1.5102945271183497
1,0,-0.6039823113773113,-0.9472961586340998,-0.022552714141970538,0.1209842911727273,-1.0693418639010228
1,0,-0.8533222271100637,-1.1494309246462746,0.3216046317773962,-0.759410782274723,-0.6131866484158899
0,1,-1.0527941596962826,-1.6884569673453949,0.5713962538156462,-0.759410782274723,0.28339429236523345
0,1,1.1413970987519555,0.8045384801379929,-0.18908046216747057,-0.3292177350219914,-0.4716212367136073
1,0,-0.9031902102566255,-0.6104048819471545,-0.6109507571654039,0.8513120225552707,0.881114919552649
1,0,-1.4517380248686638,-1.014674413971504,-1.1993488001888373,0.44112795424452683,1.5574829976857771
1,0,-0.3546423956445589,0.26551243743887276,-0.9662099529531373,1.3915544539889328,0.9912213508766465
1,0,-0.6039823113773113,-0.9472961586340998,-0.2112841619042039,-0.49929405602888544,-0.8333995110638851
0,1,-0.7535862608169684,-1.3515656906584494,-0.43332115927153725,1.191464664569058,0.7710084882286514
1,0,-0.5541143282307779,-0.2735136052602091,-0.9662099529531373,1.0914197698591206,1.1799752331463567
1,0,2.03902079538987,2.084725331548408,2.3865487072935965,-1.9199315609099976,-0.770481550307315
1,0,0.7424532335795461,0.4676472034510476,-1.1993488001888373,0.9713658962071959,-0.45589174652446474
1,0,-2.1498897889203876,-2.5643742867314603,-0.44997393407408726,0.060957354346764664,-0.07838398198504441
0,1,-1.6512099574548829,-1.418943945995854,1.8592108385461796,-1.869909113555029,0.34631225312180347
1,0,-0.3546423956445589,-0.6104048819471545,-0.3667100600613373,0.03094388593378299,0.2676648021760909
1,0,-0.4543783619376542,0.33289069277627714,-0.3778119099297039,-0.1591414140150981,0.5979840961480837
1,0,-1.1525301259893779,-0.6104048819471545,-0.33340451045623726,0.2110246964116709,-0.7862110404964575
1,0,0.9419251661657366,0.6697819694632224,-0.46662670887663726,0.601199785780427,-1.2423662559815905
0,1,0.3933773515536983,-0.20613534992284305,-0.31675173565368725,-0.09911447718913546,0.9912213508766465
0,1,-0.9031902102566255,-0.5430266266097884,-0.08361288841798721,-0.5393120139128602,0.8339264489852214
1,0,1.7896808796571175,1.7478340548614628,0.005201910528946133,-0.019078561421185754,-1.3682021774947306
0,1,0.6427172672864507,0.535025458788452,-0.16687676243073724,0.01093490699179592,-1.3052842167381606
1,0,0.49311331784679363,0.8045384801379929,-0.977311802821504,0.6312132541934079,-0.7232930797398875
0,1,2.03902079538987,2.2194818422231783,0.7823314013146129,-1.069549955875529,0.7867379784177939
0,1,0.2437734021140412,1.2761862674997086,-0.15577491256237055,0.45113244371552075,-1.226636765792448
1,0,-1.601341974308321,-1.6884569673453949,-1.0661266017684374,1.4815948592278765,-1.0221533933335953
1,0,1.1912650818984891,1.3435645228371131,0.4548268301977962,-0.7494062928037292,0.9597623704983616
1,0,0.09416945267438409,-0.13875709458543867,-0.3223026605878706,0.1910157174696831,-0.031195511417616863
1,0,0.9917931493122984,-0.13875709458543867,-0.4610757839424539,1.8117430117706708,0.5822546059589412
0,1,0.04430146952785062,-0.20613534992284305,-0.660909081573054,0.8413075330842767,-1.1322598246575928
1,0,0.5429813009933554,0.06337767142673618,-0.2778952611144039,0.5811908068384392,-1.0378828835227378
0,1,0.6925852504329842,0.4676472034510476,-0.910700703611304,0.20102020694067702,0.9440328803092191
1,0,1.2910010481916128,1.2761862674997086,0.5214379294079962,-0.9094781243396293,-0.2985968446330396
1,0,-1.4517380248686638,-1.014674413971504,0.08846578454169614,-0.37924018237696017,-1.6985214714667234
0,1,-0.6039823113773113,-0.07137883924807259,-0.2445897115093039,-0.4792850770868976,1.6675894290097748
1,0,1.2910010481916128,1.3435645228371131,0.7490258517095129,-0.7794197612167101,-0.5974571582267474
0,1,-0.7037182776704066,-0.0040005839106682,0.7878823262487963,-0.4492716086739167,-1.0064239031444528
0,0,1.8894168459502128,1.7478340548614628,1.5095025676926297,-1.5097474925992542,1.1799752331463567
1,0,0.04430146952785062,-0.6104048819471545,0.0662620848049628,-0.6293524191518038,1.6675894290097748
0,1,0.9419251661657366,-0.20613534992284305,-0.03365456401033721,-0.4092536507899418,1.5102945271183497
0,1,1.3408690313381462,1.0740515014875722,6.494233158589264,-3.030429892190304,-1.6670624910884384
0,0,1.7398128965105557,1.0740515014875722,-0.4055665346006206,0.7012446804903645,-0.44016225633532224
1,0,2.088888778536403,2.2868600975605444,-0.4555248590082706,0.9413524277942142,-0.188490413309042
1,0,-0.4543783619376542,-0.9472961586340998,0.08846578454169614,-0.3392222244929853,-0.06265449179590189
0,1,-0.9031902102566255,-1.3515656906584494,0.28829908217229616,-0.6293524191518038,-1.195177785414163
0,1,0.34350936840713653,-0.2735136052602091,-0.5554415078235706,0.3010651016506145,-0.73902256992903
0,0,0.6925852504329842,0.06337767142673618,0.46592868006616284,-0.7694152717457169,-1.0850713540901653
1,0,1.7398128965105557,1.0740515014875722,-0.41111745953480394,0.8713210014972584,-0.7547520601181725
1,0,-0.953058193403159,-1.216809179983679,-0.10026566322053722,-0.0691010087761545,0.6766315470937962
1,0,1.839548862803651,1.8825905655362332,-0.5054831834159206,0.45113244371552075,-0.8333995110638851
0,1,-0.953058193403159,-0.8799179032967337,-1.243756199662304,1.6816846486477515,-0.770481550307315
1,0,1.1912650818984891,0.6697819694632224,-0.6442563067705039,0.6212087647224147,1.2271637037137844
0,1,-1.4517380248686638,-1.418943945995854,2.447608881569613,-1.9699540082649665,0.8024674686069364
0,1,0.2437734021140412,1.0740515014875722,-0.4721776338108206,0.14099327011471438,0.0002634689606681657
0,0,0.49311331784679363,0.4002689481136815,-0.960659028018954,1.0614063014461395,-0.031195511417616863
1,0,-0.7535862608169684,-0.3408918605976135,-0.8551914542694706,0.6312132541934079,1.494565036929207
1,0,1.0416611324588603,0.9392949908127634,1.9424747125589297,-1.7298462609611165,1.3529996252269245
0,1,2.03902079538987,2.354238352897949,-0.6165016820995873,-0.009074071950191864,-0.31432633482218214
1,0,1.390737014484708,1.613077544186654,-0.9495571781505874,0.9513569172652081,-1.5412265695752982
1,0,1.1912650818984891,0.8719167354753973,-0.20018231203583722,-0.17915039295708515,0.18901735123037833
1,0,0.9917931493122984,0.19813418210150666,0.6047018034207462,-1.0395364874625477,0.7710084882286514
1,0,-1.3021340754290351,-1.1494309246462746,-0.37226098499552057,0.5511773384254582,-1.6670624910884384
0,0,1.989152812243308,2.084725331548408,-0.8385386794669206,1.3215230276919772,-0.2671378642547546
0,1,0.49311331784679363,1.4783210335118835,6.499784083523447,-3.030429892190304,0.5507956255806562
1,0,0.34350936840713653,0.13075592676410228,-0.2556915613776706,-0.4092536507899418,-1.5412265695752982
1,0,-1.4018700417221304,-1.418943945995854,-1.2770617492674041,0.9613614067362021,0.9283033901200766
1,0,0.5429813009933554,0.7371602248006268,0.17172965855444616,0.16100224905670216,1.4788355467400645
1,0,0.34350936840713653,0.6024037141258181,0.6158036532891129,-1.0595454664045354,-0.09411347217418692
1,0,-0.2050384462049018,-0.7451613926219632,0.4104194307243295,-0.9194826138106228,-0.44016225633532224
0,1,0.8421891998726413,0.6024037141258181,-1.3270200736750541,2.2719495274363832,-1.1322598246575928
0,1,0.04430146952785062,0.9392949908127634,-0.08361288841798721,0.060957354346764664,-0.15703143293075697
0,1,0.09416945267438409,0.19813418210150666,-0.5054831834159206,0.01093490699179592,1.5889419780640621
0,1,-1.3021340754290351,-0.7451613926219632,-1.1993488001888373,1.7317070960027203,0.8653854293635065
1,0,0.2437734021140412,0.33289069277627714,-0.9218025534796707,0.7412626383743393,-0.8176700208747426
0,1,0.34350936840713653,0.4002689481136815,-0.3056498857853206,-0.19915937189907296,-0.37724429557875216
1,0,-0.2050384462049018,-0.6104048819471545,-0.944006253216404,1.1414422172140892,0.881114919552649
0,0,0.5429813009933554,0.4002689481136815,-0.7330711057174373,0.3911055068895581,0.04745193952809571
0,1,-0.5541143282307779,-0.0040005839106682,-0.4610757839424539,0.38110101741856417,-1.4625791186295858
0,1,0.8920571830192031,0.6697819694632224,-0.810784054796004,0.9513569172652081,0.9440328803092191
1,0,0.34350936840713653,0.4676472034510476,-0.4943813335475539,0.34108305953458934,-0.44016225633532224
1,0,1.839548862803651,2.0173470762110037,1.5095025676926297,-1.5697744294252165,1.5889419780640621
0,0,0.9419251661657366,0.33289069277627714,-0.37226098499552057,-0.029083050892178934,1.2428931939029269
0,0,-0.1053024799118065,0.13075592676410228,-0.011450864273603869,-0.3392222244929853,1.3058111546594968
0,1,-1.2522660922824733,-1.0820526693089085,-0.18908046216747057,-0.2791952876670227,1.6833189191989173
1,0,1.390737014484708,0.7371602248006268,-0.4610757839424539,-0.389244671847954,-0.2985968446330396
1,0,0.49311331784679363,0.9392949908127634,-0.3223026605878706,-0.2491818192540417,1.3372701350377818
0,0,-1.2023981091359115,-0.8125396479593293,-0.8551914542694706,0.44112795424452683,1.1485162527680717
1,0,-0.055434496765273025,-0.2735136052602091,-1.5823626206474875,2.13188667484247,0.2519353119869484
1,0,1.0915291156053937,1.0066732461501677,0.4270722055268795,-0.5993389507388229,-1.3996611578730156
1,0,0.34350936840713653,0.26551243743887276,0.021854685331496135,0.7312581489033454,1.494565036929207
1,0,-0.3546423956445589,0.19813418210150666,-0.794131279993454,0.7412626383743393,-1.4783086088187283
1,0,1.2910010481916128,0.19813418210150666,-0.33340451045623726,0.04094837540477688,-0.04692500160675938
1,0,0.9917931493122984,0.8045384801379929,-1.493547821700554,2.53206625368222,1.1642457429572142
1,0,0.8920571830192031,-0.0040005839106682,-0.2556915613776706,0.03094388593378299,1.2114342135246419
0,1,0.4432453347002318,0.26551243743887276,-0.910700703611304,0.4711414226575085,-0.33005582501132463
1,0,1.2910010481916128,0.33289069277627714,-0.4943813335475539,0.3210740805926023,-0.6289161386050324
1,0,0.09416945267438409,1.0740515014875722,-0.5165850332842873,0.7312581489033454,-0.6603751189833175
1,0,-0.8034542439635303,-1.3515656906584494,-0.8829460789403873,0.7612716173163271,0.34631225312180347
0,1,0.8421891998726413,0.4002689481136815,-0.677561856375604,0.5211638700124772,1.2114342135246419
0,1,0.6427172672864507,0.8045384801379929,-0.5609924327577539,0.24103816482465185,-1.5884150401427257
1,0,1.7896808796571175,1.545699288849288,0.4270722055268795,-1.069549955875529,1.856343311279485
1,0,1.1413970987519555,0.535025458788452,-0.8995988537429374,0.7312581489033454,-1.3524726873055881
1,0,-1.9005498731876351,-1.8905917333575697,-0.5221359582184706,0.1810112279986892,-1.383931667683873
0,1,-0.3546423956445589,-0.6104048819471545,-0.8551914542694706,0.5611818278964521,-1.163718805035878
1,0,-0.8034542439635303,-1.2841874353210452,-0.2667934112460372,1.001379364620177,0.7552789980395088
0,1,-0.2050384462049018,-0.5430266266097884,1.8203543640068964,-1.6598148346641604,1.8406138210903424
1,0,-0.40451037879112073,-1.0820526693089085,-0.8496405293352873,1.4115634329309208,-1.289554726549018
1,0,0.8421891998726413,0.33289069277627714,5.1398074746485305,-2.630250313350554,0.6451725667155113
1,0,-1.750945923747978,-1.8232134780201652,-0.2112841619042039,0.2110246964116709,0.849655939174364
1,0,-0.6039823113773113,-1.014674413971504,-0.7996822049276373,0.44112795424452683,-1.1794482952250205
0,1,-0.3546423956445589,-0.6777831372845589,-0.23903878657512057,0.34108305953458934,-0.644645628794175
0,1,-0.15517046305836832,0.6697819694632224,-0.5054831834159206,0.9813703856781891,-0.44016225633532224
1,0,1.5902089470708984,0.9392949908127634,-0.13912213775982055,0.1209842911727273,1.919261272036055
0,1,-0.2549064293514636,-0.4082701159350179,-0.844089604401104,1.6216577118217896,-1.195177785414163
0,1,0.8920571830192031,0.13075592676410228,-0.5665433576919373,0.23103367535365796,-1.6985214714667234
1,0,-1.3021340754290351,-0.8125396479593293,0.5602944039472796,-0.5793299717968351,0.5350661353915137
1,0,-1.4018700417221304,-1.2841874353210452,-0.5998489072970373,0.9713658962071959,1.6046714682532046
1,0,-1.2522660922824733,-0.7451613926219632,-0.827436829598554,0.7412626383743393,1.2428931939029269
0,0,-0.4543783619376542,-0.8125396479593293,0.14952595881771283,0.6612267226063896,1.3215406448486393
0,1,0.49311331784679363,0.4002689481136815,-0.4388720842057206,1.361540985575952,-0.5345391974701773
1,0,1.839548862803651,1.2761862674997086,0.12177133414679615,-0.6693703770357794,0.7080905274720813
0,0,0.7923212167261079,0.26551243743887276,-1.160492325649554,0.9513569172652081,-1.226636765792448
1,0,-1.3520020585755685,-1.418943945995854,1.431789618614063,-1.5297564715412415,-0.5188097072810348
1,0,1.1413970987519555,1.0066732461501677,-0.844089604401104,0.7312581489033454,-1.6670624910884384
1,0,-0.5541143282307779,-0.9472961586340998,-0.0003490144052372012,0.5411728489544643,-1.6356035107101534
1,0,0.34350936840713653,0.4002689481136815,-0.2667934112460372,0.3210740805926023,1.2428931939029269
1,0,1.6899449133639939,1.0066732461501677,-0.2112841619042039,-0.37924018237696017,-0.6131866484158899
0,0,-0.055434496765273025,-0.3408918605976135,0.04405838506822947,-0.1491369245441042,0.6294430765263688
1,0,-1.3021340754290351,-1.1494309246462746,-1.0661266017684374,0.5811908068384392,-1.0221533933335953
1,0,0.7424532335795461,0.26551243743887276,-0.3611591351271539,-0.009074071950191864,-0.8648584914421701
0,1,0.34350936840713653,0.6024037141258181,-0.944006253216404,1.1214332382721022,-0.7075635895507449
0,1,-1.4018700417221304,-1.1494309246462746,-1.1826960253862873,1.7217026065317271,-0.12557245255247196
1,0,-0.6538502945238731,-0.3408918605976135,0.7434749267753296,-0.9194826138106228,0.5193366452023711
0,1,-0.2549064293514636,-0.47564837127238396,0.7545767766436963,-1.079554445346523,0.3777712335000885
1,0,1.4406049976312414,1.4783210335118835,-0.9551081030847707,1.5116083276408583,-0.9120469620095977
0,0,0.293641385260603,0.26551243743887276,-0.33340451045623726,-0.4392671192029228,0.6609020569046538
1,0,1.1912650818984891,0.7371602248006268,2.031289511505863,-1.9099270714390042,-0.4873507269027498
0,0,-2.249625755213483,-2.766509052743635,0.2994009320406628,-0.2791952876670227,1.400188095794352
1,0,-1.4517380248686638,-1.014674413971504,0.9599609992084795,-0.7894242506877039,-0.9435059423878827
0,1,-0.5042463450842161,0.4002689481136815,1.3762803692722296,-1.7798687083160853,1.3215406448486393
1,0,-0.0055665136187112016,-0.4082701159350179,2.614136629595113,-1.9999674766779476,-0.8333995110638851
1,0,0.2437734021140412,-0.20613534992284305,0.22723890789627949,0.28105612270862673,1.3844586056052095
1,0,0.1440374358209459,0.8719167354753973,-0.18908046216747057,-0.03908754036317282,-0.015466021228474349
1,0,-0.40451037879112073,-1.014674413971504,-0.2889971109827706,0.1209842911727273,0.5036071550132286
0,1,1.241133065045051,1.2088080121623426,0.14952595881771283,-0.2391773297830478,-0.8491290012530276
1,0,-1.4517380248686638,-1.216809179983679,4.04072433768023,-2.430160523930679,1.1485162527680717
0,1,-0.5042463450842161,-0.6777831372845589,0.19948428322536282,-0.46928058761590447,-0.9592354325770253
0,0,1.6400769302174603,1.2088080121623426,1.481747943021713,-1.2296217874114292,-1.0064239031444528
0,1,-0.30477441249802545,-0.9472961586340998,-0.46662670887663726,0.27105163323763354,1.1799752331463567
0,1,-0.6039823113773113,-0.8799179032967337,0.021854685331496135,-0.17915039295708515,-1.0064239031444528
0,1,1.1912650818984891,0.9392949908127634,-0.17242768736492056,0.1209842911727273,-0.7547520601181725
1,0,1.8894168459502128,1.6804557995240583,-0.9495571781505874,1.2614960908660144,0.2362058217978059
1,0,-0.8034542439635303,-0.47564837127238396,-0.7996822049276373,0.7612716173163271,-1.3210137069273031
1,0,-0.6039823113773113,-0.7451613926219632,-0.8884970038745706,0.6712312120773835,1.5102945271183497
0,1,-0.9031902102566255,-0.6777831372845589,-1.0328210521633374,1.0313928330331579,0.6609020569046538
1,0,0.1440374358209459,1.2088080121623426,0.15507688375189616,-0.2291728403120539,1.1327867625789292
1,0,-1.5016060080152256,-1.418943945995854,-1.3492237734117873,2.9122368535799823,0.7080905274720813
1,0,1.7896808796571175,1.6804557995240583,-0.5998489072970373,0.9013344699102395,0.849655939174364
1,0,-0.8533222271100637,-1.1494309246462746,-0.48327948367918727,0.5511773384254582,-0.7075635895507449
1,0,-0.6538502945238731,0.06337767142673618,0.5658453288814629,-0.8894691453976414,-0.9277764521987402
0,0,1.241133065045051,0.8719167354753973,-0.810784054796004,0.7512671278453332,0.34631225312180347
0,1,1.241133065045051,1.3435645228371131,-0.5720942826261206,0.35108754900558325,1.1957047233354994
1,0,0.3933773515536983,0.8719167354753973,-0.42777023433735395,0.14099327011471438,-0.5188097072810348
1,0,0.3933773515536983,0.33289069277627714,-0.31675173565368725,-0.09911447718913546,-0.9592354325770253
1,0,1.1912650818984891,1.2761862674997086,0.21613705802791283,-1.0095230190495668,-1.0064239031444528
0,1,0.2437734021140412,-0.47564837127238396,1.898067313085463,-1.4497205557732915,-0.15703143293075697
0,1,-0.8034542439635303,-0.6104048819471545,-0.07806196348380388,-0.0691010087761545,-0.3457853152004672
1,0,-0.6538502945238731,-0.13875709458543867,-0.05030733881288721,-0.4492716086739167,-1.6985214714667234
0,1,-1.3520020585755685,-0.8799179032967337,0.2105861330937295,-0.4392671192029228,0.39350072368923106
0,0,0.293641385260603,1.1414297568249383,-0.022552714141970538,-0.6693703770357794,-0.25140837406561206
1,0,-0.9031902102566255,-1.418943945995854,-0.777478505190904,1.4915993486988703,0.4878776648240861
1,0,-0.0055665136187112016,-0.6104048819471545,0.5103360795396296,-1.1695948505854665,0.03172244933895319
0,1,0.34350936840713653,0.7371602248006268,-0.5609924327577539,0.6612267226063896,-0.07838398198504441
1,0,-0.15517046305836832,0.19813418210150666,-0.2445897115093039,0.31106959112160837,-0.10984296236332944
1,0,0.34350936840713653,-0.47564837127238396,0.22723890789627949,-0.169145903486092,-0.09411347217418692
1,0,0.34350936840713653,1.545699288849288,1.9924330369665797,-1.5997878978381979,-0.7547520601181725
1,0,1.0915291156053937,0.4002689481136815,-0.42777023433735395,0.3610920384765771,-1.6985214714667234
1,0,-0.5042463450842161,-1.014674413971504,0.3604611063166795,-0.5293075244418664,0.8024674686069364
1,0,0.04430146952785062,-0.5430266266097884,1.3540766695354962,-1.269639745295404,0.15755837085209332
0,0,0.1939054189674794,1.0740515014875722,0.9766137740110296,-0.9194826138106228,1.494565036929207
0,1,-1.601341974308321,-1.2841874353210452,1.6871321655864964,-1.5797789188962104,1.6361304486314896
1,0,0.2437734021140412,0.9392949908127634,-0.7719275802567206,0.5111593805414834,-1.2423662559815905
1,0,-0.7037182776704066,-0.0040005839106682,-0.12246936295727055,-0.09911447718913546,-1.6356035107101534
1,0,-1.601341974308321,-1.3515656906584494,-0.16132583749655388,-0.059096519305160605,-1.2423662559815905
1,0,1.0416611324588603,0.9392949908127634,0.8156369509197129,-0.9094781243396293,-0.031195511417616863
1,0,0.09416945267438409,1.0066732461501677,0.8100860259855296,-0.8994736348686354,1.3372701350377818
1,0,0.2437734021140412,0.19813418210150666,-1.127186776044454,1.7116981170607333,-1.2423662559815905
1,0,-0.0055665136187112016,0.9392949908127634,-0.17242768736492056,-0.17915039295708515,-1.415390648062158
1,0,-0.0055665136187112016,-0.0040005839106682,-0.2945480359169539,0.1810112279986892,-0.6131866484158899
1,0,-1.102662142842816,-1.6210787120079904,0.3771138811192295,-0.9695050611655915,-0.7232930797398875
1,0,-0.953058193403159,-0.07137883924807259,0.5713962538156462,-0.959500571694598,-0.7862110404964575
1,0,0.3933773515536983,0.9392949908127634,-0.017001789207787204,0.09097082275974562,-1.3524726873055881
1,0,0.3933773515536983,-0.20613534992284305,2.5419746054507297,-1.9299360503809915,-1.619874020521011
0,0,0.4432453347002318,0.4002689481136815,0.8156369509197129,-1.2296217874114292,1.0698688018223592
0,1,-0.15517046305836832,-0.2735136052602091,0.005201910528946133,-0.559320992854848,-0.2671378642547546
0,1,-0.5042463450842161,0.06337767142673618,0.9211045246691962,-0.9895140401075789,-0.37724429557875216
0,1,0.293641385260603,-0.4082701159350179,0.23278983283046284,-0.42926262973192886,0.1418288806629508
1,0,-0.40451037879112073,0.4676472034510476,-0.3445063603246039,0.401109996360552,-1.3996611578730156
0,1,0.8421891998726413,0.4676472034510476,0.4881323798028962,-0.869460166455654,-0.4716212367136073
1,0,1.2910010481916128,1.2088080121623426,0.4881323798028962,-0.8194377191006853,-1.3367431971164456
0,1,1.0915291156053937,0.8045384801379929,0.12177133414679615,-0.5092985454998793,-0.031195511417616863
0,1,0.8920571830192031,0.06337767142673618,4.62357145576948,-2.6102413344085664,1.5260240173074922
0,1,-0.40451037879112073,0.535025458788452,-0.20573323697002055,-0.019078561421185754,1.0855982920115017
0,0,-0.5042463450842161,-0.0040005839106682,-0.44997393407408726,0.4911504015994956,1.7776958603337722
0,0,-0.953058193403159,-1.3515656906584494,0.17172965855444616,-0.46928058761590447,0.8024674686069364
0,1,1.3408690313381462,1.1414297568249383,1.2208544711150964,-1.0095230190495668,-1.619874020521011
0,1,-1.4018700417221304,-1.014674413971504,0.3604611063166795,0.07096184381775855,0.7867379784177939
1,0,1.839548862803651,1.545699288849288,-0.910700703611304,0.6212087647224147,-0.15703143293075697
1,0,-1.3021340754290351,-0.5430266266097884,-0.6165016820995873,-0.11912345613112324,-1.289554726549018
0,1,-0.30477441249802545,-0.9472961586340998,0.010752835463129468,-0.08910998771814158,0.01599295914981068
1,0,-0.8034542439635303,-0.5430266266097884,0.2438916826988295,-0.45927609814491055,0.06318142971723822
1,0,1.2910010481916128,1.4109427781745174,-1.393631172885254,2.8522099167540205,-1.6985214714667234
1,0,-0.4543783619376542,-0.7451613926219632,-0.5221359582184706,0.34108305953458934,1.400188095794352
0,1,0.8421891998726413,0.6697819694632224,-1.2659598993990373,0.6812357015483766,0.4406891942566586
0,1,0.6925852504329842,0.535025458788452,1.348525744601313,-1.349675661063354,-1.6041445303318682
0,1,1.6899449133639939,0.9392949908127634,0.3715629561850462,-1.0395364874625477,0.22047633160866337
1,0,-1.7010779406014163,-1.6884569673453949,0.0995676344100628,-0.4892895665578915,-0.7547520601181725
1,0,0.09416945267438409,1.2088080121623426,-0.7164183309148873,1.1414422172140892,1.2743521742812118
0,1,-0.0055665136187112016,-0.2735136052602091,-0.6442563067705039,0.8713210014972584,-0.644645628794175
1,0,0.04430146952785062,0.33289069277627714,-0.2501406364434872,0.4211189753025398,0.1418288806629508
0,1,0.6925852504329842,0.26551243743887276,0.07736393467332947,0.4711414226575085,1.0226803312549315
1,0,0.293641385260603,0.6024037141258181,-0.3778119099297039,-0.20916386137006684,-0.3457853152004672
0,1,-0.7037182776704066,-0.20613534992284305,0.5325397792763629,-0.7794197612167101,0.03172244933895319
1,0,1.7398128965105557,1.4783210335118835,-0.15577491256237055,-0.28919977713801653,-1.2738252363598754
1,0,0.09416945267438409,0.26551243743887276,-0.11691843802308721,0.1810112279986892,-1.619874020521011
1,0,1.7398128965105557,1.4109427781745174,-0.09471473828635388,-0.35923120343497306,-0.015466021228474349
1,0,1.0416611324588603,1.0066732461501677,2.4864653561088965,-1.9899629872069537,-1.3682021774947306
1,0,1.7398128965105557,1.9499688208735992,-1.1493904757811872,1.2915095592789956,-0.6603751189833175
1,0,0.9917931493122984,0.6697819694632224,0.8156369509197129,-0.7494062928037292,-1.3052842167381606
1,0,1.1413970987519555,1.0066732461501677,-0.05030733881288721,-0.21916835084106073,-0.8019405306856001
1,0,1.0915291156053937,1.0066732461501677,-1.0716775267026206,1.2414871119240267,0.7710084882286514
0,1,1.241133065045051,1.3435645228371131,1.5927664417053797,-1.469729534715279,1.494565036929207
1,0,-0.4543783619376542,0.06337767142673618,-0.2945480359169539,0.07096184381775855,-1.0850713540901653
1,0,-0.6538502945238731,-0.2735136052602091,-0.9717608778873207,0.4911504015994956,-0.031195511417616863
1,0,1.6899449133639939,1.2761862674997086,-1.3381219235434207,2.392003401088308,-0.770481550307315
1,0,-0.9031902102566255,-1.418943945995854,1.2763637204569296,-1.2796442347663979,1.2586226840920693
0,1,-1.0029261765497208,-1.6210787120079904,0.1661787336202628,-0.4392671192029228,1.0226803312549315
1,0,-1.2023981091359115,-0.8799179032967337,-0.9662099529531373,1.0614063014461395,0.5507956255806562
0,0,-1.2522660922824733,-1.014674413971504,-0.810784054796004,0.6612267226063896,-0.8176700208747426
1,0,-0.4543783619376542,-0.9472961586340998,0.39931758085596286,-0.8594556769846605,0.8339264489852214
1,0,-1.0527941596962826,-1.48632220133322,-0.005899939339420535,-0.1491369245441042,0.2362058217978059
0,1,-1.4018700417221304,-1.418943945995854,0.010752835463129468,-0.42926262973192886,0.9597623704983616
0,1,-0.6039823113773113,-0.2735136052602091,0.19948428322536282,-0.559320992854848,0.6451725667155113
1,0,0.7923212167261079,0.6024037141258181,-0.8551914542694706,1.1214332382721022,0.3777712335000885
0,1,0.5928492841398889,1.613077544186654,-0.18908046216747057,-0.03908754036317282,-0.09411347217418692
1,0,-1.2023981091359115,-0.9472961586340998,-1.1826960253862873,2.2419360590234017,1.0226803312549315
1,0,1.6400769302174603,0.9392949908127634,-0.16132583749655388,-0.2691907981960295,-1.1322598246575928
0,1,0.7923212167261079,0.6024037141258181,-0.16132583749655388,0.09097082275974562,0.6923610372829389
1,0,-0.5042463450842161,-0.7451613926219632,-0.15577491256237055,-0.4092536507899418,-1.446849628440443
0,1,-1.102662142842816,-1.7558352226827991,-0.5609924327577539,0.3610920384765771,0.5193366452023711
0,1,-1.80081390689454,-1.6884569673453949,0.8045351010513463,-0.8594556769846605,-0.5659981778484624
1,0,-0.5541143282307779,-0.0040005839106682,-0.8940479288087539,0.9313479383232204,-1.415390648062158
1,0,1.3408690313381462,1.0066732461501677,-0.2501406364434872,0.14099327011471438,0.6451725667155113
0,0,-1.0029261765497208,-1.6210787120079904,0.2994009320406628,-0.7794197612167101,0.15755837085209332
0,0,1.7896808796571175,1.4783210335118835,-0.9329044033480374,1.4615858802858894,0.06318142971723822
1,0,-0.0055665136187112016,-0.6104048819471545,1.398484069008963,-1.1795993400564604,0.0002634689606681657
1,0,1.6899449133639939,1.545699288849288,0.005201910528946133,-0.12912794560211643,-0.188490413309042
1,0,-1.4018700417221304,-0.9472961586340998,-0.8163349797301873,0.15099775958570827,0.0002634689606681657
1,0,-1.3021340754290351,-1.1494309246462746,-1.127186776044454,1.3715454750469458,-0.73902256992903
1,0,-1.2522660922824733,-1.014674413971504,-0.42777023433735395,1.2314826224530329,0.6294430765263688
1,0,-0.3546423956445589,-0.6777831372845589,1.3707294443380462,-1.6498103451931665,-0.12557245255247196
1,0,0.4432453347002318,-0.2735136052602091,-0.8607423792036539,0.24103816482465185,0.362041743310946
0,1,-1.3021340754290351,-1.3515656906584494,0.3438083315141295,-0.5393120139128602,1.1485162527680717
0,0,0.7424532335795461,0.33289069277627714,-0.4777285587450039,0.801289575200302,0.2519353119869484
0,1,-0.15517046305836832,0.7371602248006268,0.6102527283549295,-0.7293973138617413,1.2114342135246419
1,0,0.34350936840713653,0.8719167354753973,-0.09471473828635388,-0.4792850770868976,-0.9435059423878827
1,0,-1.102662142842816,-1.0820526693089085,-0.9162516285454874,0.7112491699613583,0.6609020569046538
1,0,0.1440374358209459,1.1414297568249383,0.7934332511829796,-1.2196172979404352,1.1013277822006442
1,0,0.1939054189674794,-0.13875709458543867,0.055160234936596136,-0.10911896666012935,0.6609020569046538
0,1,0.4432453347002318,0.535025458788452,-0.48327948367918727,0.3610920384765771,1.2114342135246419
0,1,-1.1525301259893779,-0.7451613926219632,-0.05030733881288721,-0.08910998771814158,0.0002634689606681657
1,0,-1.4517380248686638,-1.1494309246462746,-0.23903878657512057,0.5811908068384392,1.2900816644703543
0,0,-0.40451037879112073,-0.8799179032967337,-0.5054831834159206,1.1414422172140892,1.0226803312549315
0,1,0.293641385260603,-0.2735136052602091,0.27164630736974615,-0.29920426660901045,-0.9120469620095977
1,0,-0.953058193403159,-1.3515656906584494,-0.6276035319679539,0.601199785780427,-0.73902256992903
1,0,-0.7037182776704066,-0.2735136052602091,-0.2667934112460372,-0.3092087560800043,1.3215406448486393
1,0,-0.5541143282307779,-0.7451613926219632,-0.4777285587450039,0.08096633328875173,-1.5254970793861558
1,0,0.5928492841398889,0.6697819694632224,0.02740561026567947,-0.0691010087761545,1.7147778995772023
1,0,0.34350936840713653,0.06337767142673618,-1.043922902031704,0.6912401910193705,0.8968444097417915
1,0,1.3408690313381462,0.4676472034510476,-0.7830294301250873,1.7717250538866958,-1.3996611578730156
0,0,-0.8034542439635303,-0.7451613926219632,1.348525744601313,-1.6097923873091917,-1.3210137069273031
0,1,0.3933773515536983,0.4002689481136815,0.0329565351998628,-0.2491818192540417,0.7395495078503663
1,0,-1.2522660922824733,-1.014674413971504,-0.5054831834159206,1.4315724118729078,-0.3929737857678947
1,0,0.6427172672864507,-0.0040005839106682,-1.0827793765709874,1.4815948592278765,1.2271637037137844
1,0,0.34350936840713653,1.1414297568249383,2.0590441361767797,-2.029980945090929,-1.4940380990078708
1,0,0.7923212167261079,-0.0040005839106682,1.831456213875263,-1.7098372820191292,-1.415390648062158
1,0,1.7896808796571175,1.7478340548614628,0.3715629561850462,-0.6393569086227977,1.1957047233354994
0,0,-0.0055665136187112016,0.9392949908127634,0.5658453288814629,-0.5493165033838542,0.7395495078503663
1,0,0.8920571830192031,0.535025458788452,-0.8662933041378373,0.6412177436644018,-1.1165303344684503
1,0,-0.30477441249802545,-0.7451613926219632,-0.5498905828893873,0.25104265429564576,-0.33005582501132463
1,0,1.241133065045051,0.7371602248006268,-0.22238601177257056,-0.11912345613112324,0.42495970406751604
0,1,-1.3021340754290351,-0.9472961586340998,-0.48327948367918727,0.1209842911727273,1.400188095794352
0,1,1.1912650818984891,0.8045384801379929,-1.160492325649554,1.8617654591256394,1.463106056550922
1,0,0.293641385260603,0.7371602248006268,-0.3778119099297039,0.07096184381775855,-1.289554726549018
1,0,-0.0055665136187112016,0.8045384801379929,-0.6720109314414207,0.7312581489033454,-0.7547520601181725
0,0,1.241133065045051,1.2761862674997086,0.3105027819090295,-0.5393120139128602,0.06318142971723822
0,1,0.2437734021140412,-0.4082701159350179,3.5522429434720966,-2.3701335871047164,-0.770481550307315
1,0,-0.9031902102566255,-0.6104048819471545,0.16062780868607948,-0.369235692905967,0.912573899930934
0,1,-1.3021340754290351,-0.7451613926219632,-1.060575676834254,1.9117879064806083,1.463106056550922
0,1,1.8894168459502128,2.152103586885774,1.0709794978921463,-1.0395364874625477,0.6137135863372263
0,1,0.09416945267438409,-0.07137883924807259,0.1661787336202628,-0.8794646559266479,1.0698688018223592
0,1,0.3933773515536983,1.2761862674997086,0.4548268301977962,-1.1695948505854665,1.620400958442347
1,0,1.390737014484708,0.7371602248006268,0.13287318401516282,-0.7794197612167101,-0.4716212367136073
0,1,0.09416945267438409,-0.3408918605976135,-0.44997393407408726,0.6912401910193705,-1.3367431971164456
0,0,-0.8533222271100637,-1.216809179983679,-0.02810363907615387,-0.6793748665067726,-0.5188097072810348
1,0,0.7424532335795461,0.33289069277627714,-0.927353478413854,0.401109996360552,1.494565036929207
1,0,0.04430146952785062,0.13075592676410228,-0.35560821019297056,1.4215679224019147,-0.8648584914421701
1,0,0.9419251661657366,0.8045384801379929,-0.5776452075603039,0.4211189753025398,-1.446849628440443
1,0,-0.953058193403159,-1.014674413971504,0.699067527301863,-1.0395364874625477,-1.383931667683873
0,1,-0.3546423956445589,0.535025458788452,-0.08916381335217055,0.09097082275974562,0.5193366452023711
1,0,-0.1053024799118065,0.7371602248006268,-1.3270200736750541,2.4220168695012894,0.8968444097417915
1,0,2.03902079538987,2.0173470762110037,-0.727520180783254,0.5311683594834704,-1.258095746170733
0,1,1.839548862803651,1.9499688208735992,-0.5276868831526539,1.2715005803370083,-0.9749649227661678
1,0,-0.7535862608169684,-0.13875709458543867,0.2994009320406628,-0.4892895665578915,1.494565036929207
1,0,0.6925852504329842,0.6697819694632224,-0.3833628348638872,0.060957354346764664,-0.3457853152004672
1,0,-1.0527941596962826,-1.48632220133322,-1.4047330227536208,1.951805864364583,-0.8333995110638851
1,0,-1.4018700417221304,-0.8799179032967337,-0.16687676243073724,-0.0691010087761545,-0.6603751189833175
1,0,0.34350936840713653,0.26551243743887276,-0.6831127813097873,2.181909122197439,1.5889419780640621
1,0,-0.15517046305836832,0.13075592676410228,0.5214379294079962,-0.3492267139639792,-1.3210137069273031
0,1,-1.0029261765497208,-1.6210787120079904,0.23278983283046284,0.34108305953458934,0.07891091990638074
0,1,-1.4018700417221304,-1.014674413971504,0.39931758085596286,-0.8394466980426727,1.400188095794352
1,0,0.09416945267438409,0.13075592676410228,-0.6886637062439707,0.9613614067362021,-1.3682021774947306
1,0,-0.9031902102566255,-0.8799179032967337,2.5086690558456297,-1.949945029322979,-1.1322598246575928
0,1,-0.7037182776704066,-0.20613534992284305,-1.2493071245964873,0.9713658962071959,0.4406891942566586
1,0,-1.4517380248686638,-1.1494309246462746,1.298567420193663,-1.6197968767801851,0.9597623704983616
0,1,-0.1053024799118065,-0.2735136052602091,-0.5831961324944873,0.801289575200302,-0.4087032759570372
1,0,-0.6039823113773113,-0.13875709458543867,1.1875489215099964,-1.2496307663534165,0.34631225312180347
0,1,0.4432453347002318,-0.4082701159350179,1.0265720984186797,-1.4397160663022976,0.17328786104123584
1,0,-1.3021340754290351,-1.216809179983679,-0.6664600065072372,1.001379364620177,-0.8805879816313127
0,1,0.7424532335795461,0.26551243743887276,-1.0494738269658874,1.4915993486988703,0.7080905274720813
1,0,-0.4543783619376542,-0.8125396479593293,-0.6109507571654039,1.0113838540911708,-0.37724429557875216
1,0,0.6427172672864507,0.4002689481136815,0.09401670947587948,-0.09911447718913546,-0.5659981778484624
1,0,-0.953058193403159,-0.9472961586340998,0.10511855934424615,0.24103816482465185,-1.4783086088187283
1,0,0.7923212167261079,0.7371602248006268,2.04239136137423,-1.8499001346130415,-0.09411347217418692
0,1,0.04430146952785062,-0.6104048819471545,-0.03365456401033721,-0.19915937189907296,-1.289554726549018
1,0,1.4904729807778032,1.6804557995240583,-0.43332115927153725,0.02093939646278981,0.29912378255437594
1,0,-1.2522660922824733,-1.0820526693089085,-0.2778952611144039,-0.04909202983416672,-0.188490413309042
1,0,-1.0029261765497208,-1.216809179983679,-0.13912213775982055,-0.20916386137006684,-1.5569560597644407
1,0,0.04430146952785062,-0.3408918605976135,0.6713129026309462,-0.7293973138617413,-0.8019405306856001
1,0,0.6925852504329842,0.6024037141258181,-0.5498905828893873,0.5411728489544643,1.0855982920115017
0,0,-1.3520020585755685,-1.0820526693089085,-0.044756413878703875,-0.4392671192029228,-1.446849628440443
0,0,-2.1498897889203876,-2.5643742867314603,-0.44997393407408726,0.9813703856781891,0.6766315470937962
1,0,0.2437734021140412,0.4676472034510476,-0.28344618604858723,-0.059096519305160605,0.8024674686069364
0,1,-1.2023981091359115,-1.9579699886949358,-0.07251103854962054,-0.08910998771814158,-1.0850713540901653
0,1,0.3933773515536983,1.3435645228371131,-0.4943813335475539,0.5011548910704895,1.1799752331463567
1,0,-0.0055665136187112016,-0.47564837127238396,-0.3667100600613373,0.601199785780427,-1.1479893148467355
1,0,0.9917931493122984,-0.07137883924807259,-0.7330711057174373,1.2815050698080015,0.7238200176612238
0,1,-0.8533222271100637,-1.0820526693089085,-0.0003490144052372012,0.34108305953458934,-0.6131866484158899
0,1,0.9419251661657366,-0.2735136052602091,0.0662620848049628,-0.5393120139128602,1.620400958442347
1,0,-1.102662142842816,-1.6884569673453949,-0.8218859046643706,0.8613165120262646,0.01599295914981068
1,0,1.1912650818984891,0.7371602248006268,-0.3056498857853206,0.591195296309433,0.9597623704983616
0,1,0.4432453347002318,0.8045384801379929,-0.37226098499552057,0.0009304175208020274,-0.23567888387646954
0,1,0.1440374358209459,1.1414297568249383,-1.6822792694627875,1.751716074944708,-1.5097675891970133
0,1,-1.2023981091359115,-1.014674413971504,-0.5998489072970373,1.2614960908660144,-1.289554726549018
0,1,-0.5042463450842161,-0.6777831372845589,-0.6664600065072372,0.5211638700124772,-1.2738252363598754
0,1,1.4406049976312414,1.6804557995240583,2.0201876616374963,-1.8799136030260228,-1.3367431971164456
1,0,0.04430146952785062,0.8045384801379929,-0.2778952611144039,-0.08910998771814158,1.2586226840920693
1,0,-0.953058193403159,-0.5430266266097884,1.4595442432849797,-1.3096577031793792,-0.3929737857678947
0,0,-0.7037182776704066,-0.2735136052602091,0.2994009320406628,-0.6693703770357794,-0.20421990349818453
1,0,-0.15517046305836832,0.7371602248006268,-0.5554415078235706,0.4911504015994956,1.0384098214440742
0,1,-0.5541143282307779,-0.07137883924807259,-0.4999322584817373,0.41111448583154586,0.06318142971723822
1,0,-0.2549064293514636,-0.47564837127238396,-0.3445063603246039,0.04094837540477688,0.47214817463494363
1,0,-0.055434496765273025,-0.47564837127238396,0.4492759052636129,-0.8894691453976414,1.3844586056052095
1,0,-1.0029261765497208,-1.1494309246462746,-0.3667100600613373,0.2610471437666396,-0.015466021228474349
1,0,-1.3021340754290351,-1.014674413971504,-0.2445897115093039,-0.21916835084106073,1.620400958442347
0,1,-0.5541143282307779,-0.2735136052602091,-0.37226098499552057,0.601199785780427,1.431647076172637
0,0,0.1440374358209459,1.2088080121623426,3.34130779597313,-2.1500348187428537,1.5102945271183497
1,0,-0.40451037879112073,-1.0820526693089085,-0.41111745953480394,-0.49929405602888544,1.463106056550922
1,0,-1.4517380248686638,-1.48632220133322,-0.6165016820995873,0.37109652794757103,1.1170572723897867
1,0,-1.102662142842816,-0.20613534992284305,2.197817259531363,-1.7898731977870788,0.9912213508766465
0,1,0.9419251661657366,0.6024037141258181,-0.3112008107195039,-0.29920426660901045,-1.1479893148467355
0,1,0.8421891998726413,0.06337767142673618,-0.5998489072970373,0.401109996360552,-0.73902256992903
1,0,-1.1525301259893779,-0.20613534992284305,0.28829908217229616,-0.2291728403120539,1.3844586056052095
1,0,-0.5541143282307779,-0.8799179032967337,1.0432248732212297,-1.0595454664045354,0.12609939047380828
1,0,0.3933773515536983,0.535025458788452,0.13842410894934615,-0.37924018237696017,-1.2109072756033055
0,1,0.1939054189674794,-0.47564837127238396,-0.40001560966643723,0.03094388593378299,0.912573899930934
1,0,0.4432453347002318,0.19813418210150666,-1.210450650057204,0.8813254909682516,0.6609020569046538
1,0,-1.3021340754290351,-1.1494309246462746,0.5158870044738129,-0.6493613980937917,-1.0850713540901653
1,0,-1.2522660922824733,-1.014674413971504,-0.4444230091399039,-0.029083050892178934,-0.6131866484158899
0,1,0.9419251661657366,0.6024037141258181,0.5658453288814629,-0.6793748665067726,-1.651333000899296
0,1,-1.3021340754290351,-0.8125396479593293,-1.1882469503204707,2.2419360590234017,1.5102945271183497
1,0,0.7424532335795461,0.7371602248006268,1.065428572957963,-1.2096128084694417,-0.10984296236332944
1,0,1.0915291156053937,1.0740515014875722,-0.6831127813097873,1.4115634329309208,-0.9435059423878827
1,0,-0.30477441249802545,-0.8799179032967337,-0.4444230091399039,0.7612716173163271,-0.188490413309042
1,0,0.4432453347002318,0.6024037141258181,0.3438083315141295,-0.5993389507388229,1.1485162527680717
1,0,-0.3546423956445589,-0.6104048819471545,-0.2445897115093039,0.401109996360552,-0.8333995110638851
0,1,-0.8533222271100637,-0.4082701159350179,1.5372571923635463,-1.7398507504321101,0.47214817463494363
1,0,-1.0029261765497208,-0.8125396479593293,0.3937666559217795,-0.6293524191518038,1.6361304486314896
0,0,-1.4517380248686638,-1.418943945995854,-0.660909081573054,-0.019078561421185754,1.3215406448486393
0,1,0.6427172672864507,0.4676472034510476,-1.3270200736750541,1.8317519907126578,-0.25140837406561206
0,0,1.6400769302174603,1.7478340548614628,1.598317366639563,-1.5797789188962104,0.3777712335000885
0,1,0.49311331784679363,0.6697819694632224,-0.17242768736492056,0.6912401910193705,0.07891091990638074
1,0,-0.6538502945238731,-0.6777831372845589,0.8433915755906296,-0.9895140401075789,0.7238200176612238
1,0,0.49311331784679363,1.1414297568249383,0.04405838506822947,-0.5493165033838542,0.6923610372829389
0,0,-0.40451037879112073,0.4002689481136815,-0.5831961324944873,0.8413075330842767,0.7080905274720813
1,0,0.49311331784679363,1.4783210335118835,0.3438083315141295,-0.6993838454487604,0.01599295914981068
1,0,-1.102662142842816,-1.0820526693089085,0.46037775513197954,-0.169145903486092,0.40923021387837355
1,0,0.9917931493122984,0.6024037141258181,-0.2445897115093039,-0.13913243507311032,-0.8805879816313127
0,1,-0.953058193403159,-0.9472961586340998,0.982164698945213,-0.9294871032816167,0.17328786104123584
0,1,1.1413970987519555,1.0066732461501677,-0.05030733881288721,0.23103367535365796,-1.3682021774947306
0,1,0.2437734021140412,-0.4082701159350179,-1.0661266017684374,1.0113838540911708,1.651859938820632
0,1,1.241133065045051,0.26551243743887276,0.36601203125086285,-0.39924916131894794,-0.6131866484158899
1,0,0.7923212167261079,0.06337767142673618,0.8211878758538962,-1.3396711715923602,-1.446849628440443
0,1,-1.0527941596962826,-1.48632220133322,-1.3103672988725041,1.9317968854225953,-0.5188097072810348
0,0,-0.6039823113773113,-0.5430266266097884,-0.6331544569021372,1.3915544539889328,0.42495970406751604
0,1,0.8920571830192031,0.7371602248006268,-0.6997655561123373,0.2210291858826648,-1.5569560597644407
1,0,0.9917931493122984,0.26551243743887276,0.16062780868607948,-0.07910549824714767,0.06318142971723822
1,0,-0.5541143282307779,0.06337767142673618,-1.0161682773607874,0.7812805962583141,0.12609939047380828
1,0,0.9419251661657366,0.6697819694632224,6.394316509773963,-2.7903221448864537,-1.2109072756033055
1,0,0.7424532335795461,0.4676472034510476,-0.4055665346006206,0.7312581489033454,-0.4873507269027498
0,0,-1.5016060080152256,-1.5537004566706243,1.6371738411788463,-1.6197968767801851,1.368729115416067
1,0,-0.953058193403159,-0.8799179032967337,-1.0994321513735374,1.5716352644668208,-1.226636765792448
1,0,0.4432453347002318,0.19813418210150666,-0.5165850332842873,0.45113244371552075,0.42495970406751604
1,0,0.1440374358209459,-0.47564837127238396,-1.077228451636804,1.351536496104958,1.3215406448486393
1,0,-1.2522660922824733,-0.9472961586340998,-1.8377051676199208,2.231931569552408,-1.258095746170733
0,1,-0.5541143282307779,-0.0040005839106682,-0.10581658815472055,-0.4392671192029228,-0.9435059423878827
1,0,0.2437734021140412,-0.07137883924807259,-0.5332378080868373,0.8313030436132829,0.22047633160866337
1,0,1.0915291156053937,0.8045384801379929,0.6102527283549295,-0.6793748665067726,-1.5569560597644407
1,0,0.04430146952785062,1.0066732461501677,-0.3778119099297039,0.7212536594323522,1.463106056550922
1,0,0.49311331784679363,0.6697819694632224,1.4706460931533463,-1.4197070873603101,1.0384098214440742
1,0,1.7398128965105557,1.2088080121623426,-0.4888304086133706,0.5211638700124772,1.0226803312549315
0,1,-1.3520020585755685,-0.8799179032967337,0.6435582779600295,-0.589334461267829,-1.3682021774947306
1,0,-0.7037182776704066,-1.216809179983679,0.9211045246691962,-1.3696846400053415,1.0855982920115017
1,0,0.1939054189674794,-0.20613534992284305,-0.02810363907615387,0.25104265429564576,0.29912378255437594
0,1,1.0915291156053937,0.9392949908127634,0.5713962538156462,-0.7894242506877039,-1.0378828835227378
1,0,-0.9031902102566255,-1.3515656906584494,-0.710867405980704,0.24103816482465185,-0.9435059423878827
0,1,0.1939054189674794,-0.2735136052602091,0.13287318401516282,-0.5993389507388229,-1.6041445303318682
1,0,1.0416611324588603,0.8045384801379929,-0.6498072317046872,1.0313928330331579,0.5979840961480837
1,0,0.4432453347002318,1.4783210335118835,1.5095025676926297,-1.6798238136061479,-0.5659981778484624
1,0,0.34350936840713653,0.7371602248006268,4.651326080440397,-2.5702233765245914,0.42495970406751604
0,1,0.8421891998726413,0.4002689481136815,-0.8829460789403873,0.5811908068384392,-0.5974571582267474
1,0,1.7398128965105557,1.7478340548614628,0.34935925644831284,-0.5793299717968351,0.0002634689606681657
1,0,0.293641385260603,-0.2735136052602091,-1.3825293230168874,1.7417115854737142,0.17328786104123584
0,1,1.989152812243308,2.084725331548408,-0.4943813335475539,0.28105612270862673,-0.10984296236332944
0,1,0.4432453347002318,1.2088080121623426,1.6871321655864964,-1.549765450483229,-1.3052842167381606
0,0,0.2437734021140412,1.3435645228371131,-0.910700703611304,0.3210740805926023,0.0002634689606681657
0,0,0.8421891998726413,0.13075592676410228,0.4492759052636129,-0.9194826138106228,-1.0378828835227378
0,1,-1.4018700417221304,-1.014674413971504,-0.2889971109827706,0.6912401910193705,1.0226803312549315
0,1,-1.3021340754290351,-1.0820526693089085,1.3873822191405962,-1.4997430031282604,1.6046714682532046
0,1,-0.953058193403159,-1.48632220133322,-1.2382052747281207,1.7217026065317271,1.3058111546594968
1,0,-0.9031902102566255,-1.3515656906584494,-0.022552714141970538,-0.19915937189907296,1.1170572723897867
0,1,-1.8506818900410733,-1.8905917333575697,-1.2215524999255707,2.8322009378120327,-1.3210137069273031
1,0,1.241133065045051,0.33289069277627714,-0.5720942826261206,-0.3492267139639792,-1.0221533933335953
0,1,-1.2522660922824733,-0.8125396479593293,-0.46662670887663726,0.6112042752514208,0.6137135863372263
1,0,-1.4018700417221304,-1.1494309246462746,1.4761970180875297,-1.4397160663022976,-0.07838398198504441
0,1,1.9392848290967462,2.084725331548408,-0.3667100600613373,0.28105612270862673,-0.1727609231198995
1,0,-0.6538502945238731,-1.014674413971504,0.4270722055268795,-0.9795095506365854,-1.163718805035878
0,0,-0.40451037879112073,-1.0820526693089085,-0.8385386794669206,1.3215230276919772,-0.770481550307315
1,0,-0.5541143282307779,-0.0040005839106682,0.11066948427842949,-0.6593658875647855,-0.7862110404964575
0,0,-0.40451037879112073,0.4676472034510476,0.5380907042105462,-1.0595454664045354,-1.3367431971164456
1,0,0.5429813009933554,0.06337767142673618,-0.677561856375604,0.6912401910193705,-1.1479893148467355
1,0,-0.7535862608169684,-1.2841874353210452,0.13842410894934615,-0.8894691453976414,-1.163718805035878
1,0,-0.1053024799118065,-0.4082701159350179,-0.35560821019297056,0.34108305953458934,-0.8963174718204552
1,0,2.03902079538987,2.084725331548408,0.06071115987077948,-0.9094781243396293,-1.5569560597644407
1,0,-1.0029261765497208,-1.5537004566706243,-0.05585826374707054,-0.589334461267829,-1.5254970793861558
1,0,-1.2522660922824733,-1.1494309246462746,0.25499353256719615,-0.7093883349197543,-1.195177785414163
1,0,-1.4517380248686638,-1.48632220133322,-0.017001789207787204,0.04094837540477688,-0.25140837406561206
1,0,0.293641385260603,0.13075592676410228,-0.2778952611144039,0.7812805962583141,-1.3682021774947306
0,1,-0.30477441249802545,-0.6104048819471545,-1.1826960253862873,2.2019181011394267,0.5350661353915137
1,0,-0.15517046305836832,-0.6104048819471545,0.9766137740110296,-1.2196172979404352,1.3215406448486393
0,1,-1.3021340754290351,-1.1494309246462746,0.06071115987077948,0.7812805962583141,-1.415390648062158
1,0,0.7923212167261079,0.7371602248006268,0.7823314013146129,-1.079554445346523,0.04745193952809571
1,0,-0.6039823113773113,-0.07137883924807259,-0.2945480359169539,0.03094388593378299,0.28339429236523345
1,0,0.7424532335795461,0.33289069277627714,-0.4777285587450039,0.4211189753025398,0.330582762932661
0,1,0.09416945267438409,-0.20613534992284305,-0.727520180783254,0.401109996360552,0.5665251157697987
1,0,0.8920571830192031,0.4002689481136815,-0.4888304086133706,1.0714107909171333,0.0002634689606681657
1,0,1.241133065045051,0.13075592676410228,-1.1660432505837373,1.0614063014461395,0.6294430765263688
0,1,-1.0527941596962826,-1.6884569673453949,0.5991508784865629,-0.9194826138106228,1.6361304486314896
0,0,0.34350936840713653,0.33289069277627714,-0.35005728525878727,0.31106959112160837,0.40923021387837355
1,0,-0.4543783619376542,-1.1494309246462746,-1.2992654490041373,2.141891164313464,-1.4311201382513006
1,0,-1.4018700417221304,-0.9472961586340998,-0.960659028018954,1.0413973225041517,-0.5345391974701773
0,1,-0.2050384462049018,-0.47564837127238396,0.2105861330937295,-0.019078561421185754,-0.9435059423878827
0,1,0.5928492841398889,-0.07137883924807259,-0.4610757839424539,1.0814152803881265,-1.4625791186295858
1,0,0.9917931493122984,0.4002689481136815,-0.9884136526898707,0.6712312120773835,1.1642457429572142
1,0,1.7896808796571175,1.3435645228371131,-1.2770617492674041,1.2915095592789956,-0.3457853152004672
1,0,-1.2023981091359115,-0.9472961586340998,-0.05585826374707054,0.5311683594834704,-1.4625791186295858
1,0,0.2437734021140412,-0.13875709458543867,-1.077228451636804,2.2719495274363832,0.7080905274720813
1,0,1.1413970987519555,1.3435645228371131,1.148692446970713,-1.189603829527454,0.9283033901200766
0,1,-0.6039823113773113,-1.0820526693089085,0.3604611063166795,-1.0495409769335415,-1.4783086088187283
0,1,2.088888778536403,2.4889948635727195,3.1858818978159964,-2.160039308213848,0.4878776648240861
0,0,1.8894168459502128,2.152103586885774,-0.8773951540062039,1.2414871119240267,0.5036071550132286
1,0,0.09416945267438409,1.0066732461501677,0.055160234936596136,-0.2791952876670227,-0.644645628794175
1,0,-0.7535862608169684,-0.4082701159350179,-0.12246936295727055,0.02093939646278981,-0.9906944129553102
0,1,-0.055434496765273025,-0.4082701159350179,-0.3112008107195039,-0.18915488242807907,1.3372701350377818
1,0,-0.5541143282307779,-1.1494309246462746,0.6713129026309462,-0.559320992854848,-1.5569560597644407
1,0,-0.8034542439635303,-1.2841874353210452,0.32715555671157953,-0.7293973138617413,-0.21994939368732705
1,0,-1.102662142842816,-0.5430266266097884,-0.7719275802567206,1.6916891381187453,-1.163718805035878
1,0,0.8920571830192031,0.4676472034510476,0.5824981036840129,-0.6593658875647855,-0.6289161386050324
0,1,0.8920571830192031,0.7371602248006268,0.5991508784865629,-0.8394466980426727,-1.6041445303318682
0,0,-0.9031902102566255,-1.0820526693089085,-0.8551914542694706,0.2210291858826648,-0.15703143293075697
1,0,0.7923212167261079,0.7371602248006268,-1.1882469503204707,0.9213434488522272,-0.06265449179590189
0,1,-0.7535862608169684,-0.47564837127238396,0.07181300973914614,-0.3192132455509982,0.39350072368923106
1,0,-1.80081390689454,-1.6884569673453949,-1.1549414007153707,0.7812805962583141,-0.14130194274161448
0,1,-0.953058193403159,-1.7558352226827991,-0.977311802821504,2.0118328011905455,1.2428931939029269
1,0,0.09416945267438409,0.13075592676410228,-0.8940479288087539,0.3911055068895581,1.3372701350377818
1,0,-0.6039823113773113,-0.6104048819471545,-0.810784054796004,1.2614960908660144,0.9283033901200766
1,0,0.09416945267438409,1.0066732461501677,-0.2612424863118539,0.1810112279986892,0.31485327274351843
0,1,0.34350936840713653,-0.20613534992284305,-0.5776452075603039,0.4711414226575085,-0.5030802170918923
0,1,-0.953058193403159,-0.8799179032967337,-0.06696011361543722,0.3010651016506145,-0.8176700208747426
0,0,-1.6512099574548829,-1.7558352226827991,0.6768638275651295,-0.5793299717968351,0.01599295914981068
1,0,0.2437734021140412,1.0740515014875722,-0.23348786164093724,0.05095286487577077,1.1327867625789292
1,0,-1.2522660922824733,-0.4082701159350179,-0.20018231203583722,0.060957354346764664,0.5665251157697987
0,1,-0.4543783619376542,0.13075592676410228,0.9544100742742962,-1.189603829527454,-1.4311201382513006
1,0,0.34350936840713653,-0.07137883924807259,-0.7053164810465207,0.5311683594834704,0.7395495078503663
0,1,0.2437734021140412,1.1414297568249383,3.34130779597313,-2.2800931818657726,1.3844586056052095
0,1,-0.8034542439635303,-0.6104048819471545,-0.40001560966643723,-0.03908754036317282,-0.4716212367136073
0,0,-1.3520020585755685,-1.2841874353210452,0.08291485960751281,0.24103816482465185,0.7867379784177939
1,0,-0.953058193403159,-1.418943945995854,-0.20573323697002055,0.1810112279986892,-0.45589174652446474
0,1,-1.2522660922824733,-1.1494309246462746,-0.4444230091399039,0.5211638700124772,-1.163718805035878
0,1,1.390737014484708,1.545699288849288,-1.5379552211740208,3.0522997061738955,1.982179232792625
0,1,0.8421891998726413,0.33289069277627714,-0.44997393407408726,0.14099327011471438,0.7080905274720813
0,1,-0.5541143282307779,0.13075592676410228,0.3549101813824962,-0.389244671847954,0.28339429236523345
0,1,-1.3021340754290351,-1.0820526693089085,-0.5443396579552039,0.6812357015483766,0.12609939047380828
0,1,1.0416611324588603,1.0066732461501677,1.814803439072713,-1.6898283030771413,0.8024674686069364
0,1,-1.2522660922824733,-1.0820526693089085,-0.7552748054541706,0.4311234647735329,-1.3052842167381606
1,0,1.8894168459502128,1.6804557995240583,0.44372498032942953,-0.9094781243396293,0.5350661353915137
1,0,-1.3021340754290351,-0.9472961586340998,0.7823314013146129,-0.7193928243907481,1.4473765663617795
1,0,-0.8533222271100637,-1.216809179983679,-0.37226098499552057,0.4311234647735329,-0.5817276680376049
1,0,-0.2549064293514636,-0.6104048819471545,-0.20573323697002055,0.4611369331865146,-1.4940380990078708
0,1,0.2437734021140412,1.3435645228371131,-1.5324042962398374,2.0818642274875017,0.5979840961480837
0,0,-1.3021340754290351,-0.9472961586340998,-0.43332115927153725,0.01093490699179592,0.28339429236523345
0,0,-1.1525301259893779,-1.9579699886949358,1.7537432647966964,-1.749855239903104,-1.5884150401427257
1,0,0.2437734021140412,-0.3408918605976135,1.4206877687456962,-1.2296217874114292,0.1418288806629508
1,0,-1.3021340754290351,-1.2841874353210452,-1.060575676834254,1.3715454750469458,-0.6289161386050324
0,1,1.4904729807778032,1.815212310198829,-0.6276035319679539,0.6812357015483766,-0.14130194274161448
1,0,-0.15517046305836832,-0.5430266266097884,0.4492759052636129,-0.9995185295785729,0.9440328803092191
1,0,1.1413970987519555,0.6024037141258181,-0.05585826374707054,-0.6593658875647855,-0.7232930797398875
1,0,-1.0029261765497208,-1.3515656906584494,0.42152128059269617,-1.0495409769335415,-1.4625791186295858
0,1,0.8421891998726413,0.4676472034510476,0.6657619776967629,-1.0095230190495668,-0.5502686876593198
0,1,1.0915291156053937,0.8045384801379929,0.4881323798028962,-0.6793748665067726,-0.5345391974701773
1,0,-1.1525301259893779,-1.2841874353210452,0.8766971251957296,-1.0895589348175165,1.1170572723897867
0,0,-0.1053024799118065,-0.3408918605976135,-0.660909081573054,0.6712312120773835,0.4406891942566586
1,0,0.6925852504329842,0.4002689481136815,0.6047018034207462,-0.9294871032816167,-0.2828673544438971
1,0,0.49311331784679363,0.535025458788452,0.10511855934424615,-0.5092985454998793,1.3844586056052095
0,1,0.49311331784679363,0.4676472034510476,-0.23348786164093724,-0.2391773297830478,0.12609939047380828
1,0,-0.30477441249802545,-0.8799179032967337,-0.5165850332842873,2.2919585063783705,0.40923021387837355
0,1,-0.5541143282307779,0.4002689481136815,1.0043683986819463,-1.469729534715279,1.400188095794352
0,1,-0.40451037879112073,-1.0820526693089085,-0.794131279993454,0.8713210014972584,-1.4940380990078708
1,0,-0.2050384462049018,-0.6777831372845589,-0.37226098499552057,0.8813254909682516,-0.5659981778484624
1,0,-0.8034542439635303,-0.8799179032967337,0.27164630736974615,-0.49929405602888544,-0.14130194274161448
0,1,0.5928492841398889,0.26551243743887276,-0.8718442290720206,0.16100224905670216,0.1418288806629508
0,0,-0.6039823113773113,-0.5430266266097884,-1.2937145240699541,1.4515813908148956,-0.9120469620095977
0,0,-0.5541143282307779,-0.9472961586340998,0.46592868006616284,-0.8994736348686354,1.1327867625789292
1,0,-0.5042463450842161,0.19813418210150666,-0.5665433576919373,0.7812805962583141,-0.14130194274161448
1,0,1.8894168459502128,1.7478340548614628,1.4095859188773296,-1.189603829527454,0.975491860687504
0,1,1.0915291156053937,0.535025458788452,0.1273222590809795,-0.18915488242807907,-0.4716212367136073
0,1,1.839548862803651,1.815212310198829,-0.03920548894452054,0.27105163323763354,1.3529996252269245
1,0,0.293641385260603,-0.20613534992284305,0.2994009320406628,-0.759410782274723,-0.5030802170918923
1,0,-0.2050384462049018,0.535025458788452,0.5824981036840129,-0.9094781243396293,0.09464041009552325
1,0,1.1413970987519555,1.0740515014875722,0.6602110527625795,-0.7694152717457169,0.6609020569046538
1,0,-1.2522660922824733,-0.9472961586340998,-1.0383719770975206,1.2614960908660144,-1.5097675891970133
1,0,-0.5042463450842161,-0.6777831372845589,-0.3889137597980706,0.01093490699179592,-1.4940380990078708
0,1,0.3933773515536983,1.7478340548614628,0.27164630736974615,-0.4392671192029228,0.09464041009552325
1,0,-0.0055665136187112016,-0.3408918605976135,1.831456213875263,-1.7298462609611165,-0.9277764521987402
0,0,-0.6538502945238731,-1.014674413971504,-0.660909081573054,0.571186317367446,0.5507956255806562
0,0,-1.3520020585755685,-0.9472961586340998,-0.5998489072970373,0.20102020694067702,0.01599295914981068
1,0,1.0915291156053937,0.6697819694632224,1.6260719913104797,-1.6798238136061479,-0.5974571582267474
1,0,-1.4018700417221304,-1.418943945995854,-0.3889137597980706,0.8212985541422897,0.5665251157697987
0,0,0.1440374358209459,-0.07137883924807259,-0.16687676243073724,0.6612267226063896,0.2676648021760909
1,0,0.2437734021140412,0.9392949908127634,0.9433082244059295,-0.7694152717457169,-0.6918340993616025
1,0,-0.5541143282307779,0.13075592676410228,0.9266554496033795,-1.2396262768824227,-0.07838398198504441
0,0,0.04430146952785062,-0.4082701159350179,0.13287318401516282,0.08096633328875173,-1.258095746170733
1,0,0.1939054189674794,0.4002689481136815,-0.6109507571654039,0.6912401910193705,-1.3996611578730156
0,1,-1.3021340754290351,-0.6104048819471545,-0.4222193094031706,-0.49929405602888544,1.1799752331463567
1,0,-0.40451037879112073,-1.014674413971504,1.565011817034463,-1.389693618947329,-0.6131866484158899
1,0,-0.8533222271100637,-1.0820526693089085,-0.061409188681253876,-0.2691907981960295,0.8181969587960789
0,1,-0.055434496765273025,-0.4082701159350179,-0.16687676243073724,0.28105612270862673,1.2900816644703543
1,0,1.3408690313381462,0.26551243743887276,0.0163037603973128,-0.42926262973192886,-1.1008008442793078
1,0,-0.30477441249802545,-0.9472961586340998,-0.6886637062439707,1.6416666907637767,1.0541393116332167
0,1,1.1413970987519555,0.6697819694632224,0.038507460134046136,-0.4492716086739167,-0.5974571582267474
1,0,0.1939054189674794,0.535025458788452,-0.794131279993454,0.9313479383232204,0.5350661353915137
0,1,-0.4543783619376542,0.19813418210150666,-0.5443396579552039,0.3911055068895581,-0.21994939368732705
1,0,0.6427172672864507,0.6697819694632224,0.0163037603973128,-0.4892895665578915,1.5102945271183497
1,0,-0.7037182776704066,-0.13875709458543867,0.5436416291447296,-0.5393120139128602,1.5574829976857771
1,0,0.5928492841398889,0.6697819694632224,1.231956320983463,-1.0895589348175165,1.368729115416067
0,1,1.1413970987519555,1.1414297568249383,-0.12246936295727055,-0.2391773297830478,0.2519353119869484
1,0,-0.30477441249802545,-0.5430266266097884,-0.6220526070337706,0.15099775958570827,-1.2423662559815905
0,1,-1.3021340754290351,-0.8799179032967337,-0.8718442290720206,0.991374875149183,0.6766315470937962
0,0,-0.9031902102566255,-0.8125396479593293,-0.3833628348638872,0.3310785700635955,-0.73902256992903
0,1,1.4406049976312414,1.4783210335118835,-1.3714274731485208,1.4415769013439017,0.4406891942566586
0,1,-1.3520020585755685,-1.3515656906584494,-0.7552748054541706,0.5011548910704895,-0.4873507269027498
1,0,1.1413970987519555,0.6697819694632224,-1.1660432505837373,1.151446706685083,0.7238200176612238
1,0,1.1912650818984891,0.13075592676410228,-1.0716775267026206,2.2419360590234017,-0.031195511417616863
0,1,-0.953058193403159,-0.7451613926219632,-1.1993488001888373,1.1714556856270708,-0.31432633482218214
0,1,-1.2023981091359115,-0.8799179032967337,-0.727520180783254,1.151446706685083,-1.6356035107101534
1,0,0.49311331784679363,0.26551243743887276,3.69101606682668,-2.340120118691735,1.0541393116332167
1,0,0.8920571830192031,0.4676472034510476,-0.43332115927153725,0.4211189753025398,-0.9277764521987402
0,0,0.8421891998726413,0.8045384801379929,0.5547434790130962,-0.9995185295785729,0.8339264489852214
1,0,0.1939054189674794,-0.2735136052602091,-0.8884970038745706,1.4515813908148956,0.22047633160866337
0,1,0.7923212167261079,0.26551243743887276,-0.46662670887663726,-0.09911447718913546,0.15755837085209332
1,0,-0.0055665136187112016,-0.6777831372845589,3.52448831880118,-2.310106650278754,0.06318142971723822
0,0,0.9917931493122984,0.6024037141258181,0.7767804763804296,-1.0995634242885104,1.7934253505229147
1,0,0.8421891998726413,0.4002689481136815,-0.3778119099297039,0.38110101741856417,-0.44016225633532224
1,0,-0.4543783619376542,0.06337767142673618,1.9702293372298465,-1.9899629872069537,-0.031195511417616863
1,0,-0.15517046305836832,-0.2735136052602091,-0.15022398762818723,-0.37924018237696017,1.006950841065789
1,0,-1.2522660922824733,-1.0820526693089085,-0.8607423792036539,1.601648732879802,-0.5502686876593198
0,1,-0.8034542439635303,-0.8799179032967337,0.24944260763301282,-0.8294422085716792,0.1418288806629508
1,0,-0.7037182776704066,-0.2735136052602091,0.39931758085596286,-0.42926262973192886,-1.3367431971164456
1,0,1.2910010481916128,1.545699288849288,-0.15022398762818723,-0.5793299717968351,-1.0064239031444528
1,0,1.1912650818984891,0.4676472034510476,-0.9828627277556873,1.4815948592278765,0.7395495078503663
1,0,-0.5541143282307779,-1.014674413971504,1.1264887472339795,-0.5493165033838542,0.1418288806629508
1,0,1.7896808796571175,1.9499688208735992,-0.8773951540062039,1.781729543357689,-1.2738252363598754
0,1,-1.5514739911617874,-1.3515656906584494,-0.6053998322312206,1.5916442434088078,-0.5817276680376049
1,0,-0.1053024799118065,-0.6777831372845589,0.41597035565851287,-0.9194826138106228,-0.12557245255247196
1,0,-1.1525301259893779,-0.6104048819471545,0.1273222590809795,-0.3192132455509982,1.006950841065789
1,0,-0.6039823113773113,-0.07137883924807259,-1.043922902031704,0.7212536594323522,-0.5502686876593198
1,0,0.3933773515536983,0.19813418210150666,-0.005899939339420535,-0.389244671847954,1.4159175859834945
1,0,0.6925852504329842,0.33289069277627714,-0.8829460789403873,0.8413075330842767,0.362041743310946
1,0,0.04430146952785062,-0.20613534992284305,-1.043922902031704,1.8217475012416646,0.7395495078503663
1,0,-0.4543783619376542,-1.2841874353210452,-0.33340451045623726,0.07096184381775855,-1.5412265695752982
1,0,0.34350936840713653,1.545699288849288,-0.6720109314414207,0.9013344699102395,-0.6131866484158899
1,0,1.2910010481916128,0.4002689481136815,0.055160234936596136,-0.2491818192540417,1.431647076172637
1,0,-0.953058193403159,-1.2841874353210452,-0.7164183309148873,0.5811908068384392,-0.5817276680376049
0,1,-0.9031902102566255,-0.8125396479593293,0.48258145486871284,0.04094837540477688,-1.383931667683873
0,1,-0.6039823113773113,-0.6104048819471545,-0.9495571781505874,0.9113389593812333,0.1418288806629508
0,1,-0.7037182776704066,0.13075592676410228,-1.1715941755179207,1.0514018119751456,-1.5097675891970133
1,0,-0.6538502945238731,-0.9472961586340998,-1.3436728484776042,1.5316173065828453,0.6294430765263688
1,0,0.34350936840713653,-0.3408918605976135,1.7259886401257798,-1.549765450483229,-1.3996611578730156
0,1,-1.2522660922824733,-1.3515656906584494,-0.6109507571654039,0.5811908068384392,0.6294430765263688
1,0,1.0915291156053937,0.7371602248006268,-0.6720109314414207,0.7012446804903645,-0.73902256992903
1,0,0.04430146952785062,0.06337767142673618,-0.8829460789403873,1.2614960908660144,-0.770481550307315
0,1,1.0915291156053937,0.8045384801379929,-1.0661266017684374,0.9813703856781891,-0.21994939368732705
0,1,0.8920571830192031,0.4676472034510476,-0.8662933041378373,0.571186317367446,-1.0064239031444528
0,0,-1.8506818900410733,-1.9579699886949358,1.3041183451278464,-1.4097025978893167,0.7238200176612238
1,0,1.8894168459502128,2.084725331548408,-1.2770617492674041,1.581639753937814,1.3372701350377818
1,0,0.293641385260603,1.1414297568249383,-0.23348786164093724,0.3610920384765771,1.4159175859834945
1,0,0.1939054189674794,0.8045384801379929,-0.05030733881288721,-0.7994287401586979,0.9597623704983616
0,1,-0.4543783619376542,-1.1494309246462746,-0.18352953723328722,-0.19915937189907296,0.2676648021760909
0,0,-1.3520020585755685,-1.0820526693089085,1.8037015892043464,-1.6898283030771413,-0.2828673544438971
0,1,1.2910010481916128,0.6697819694632224,0.28829908217229616,-0.6093434402098168,0.17328786104123584
0,1,-1.4018700417221304,-1.0820526693089085,1.798150664270163,-1.3996981084183229,0.03172244933895319
1,0,-0.7535862608169684,-1.1494309246462746,-0.1946313871016539,-0.19915937189907296,-1.383931667683873
1,0,0.1939054189674794,0.26551243743887276,-1.4047330227536208,1.6816846486477515,-0.9749649227661678
0,1,1.839548862803651,1.815212310198829,-1.2382052747281207,1.181460175098064,1.400188095794352
0,0,0.49311331784679363,0.6697819694632224,0.5602944039472796,-0.2391773297830478,0.15755837085209332
0,1,0.4432453347002318,1.3435645228371131,-0.760825730388354,1.0714107909171333,1.2114342135246419
1,0,-0.4543783619376542,-1.1494309246462746,-0.6276035319679539,0.01093490699179592,-0.7547520601181725
0,1,-0.953058193403159,-1.48632220133322,0.1661787336202628,-0.8794646559266479,0.362041743310946
1,0,0.4432453347002318,0.26551243743887276,0.42152128059269617,-0.9094781243396293,1.4473765663617795
1,0,-0.8533222271100637,-0.4082701159350179,0.4381740553952462,-0.8494511875136667,0.0002634689606681657
0,1,-1.0029261765497208,-0.6777831372845589,-0.5554415078235706,-0.1491369245441042,-1.163718805035878
1,0,-0.9031902102566255,-1.216809179983679,-0.5720942826261206,1.0213883435621647,-1.0221533933335953
0,1,0.1939054189674794,-0.20613534992284305,-0.5498905828893873,0.28105612270862673,-0.06265449179590189
1,0,-1.3021340754290351,-1.0820526693089085,-0.9329044033480374,1.7417115854737142,-0.8805879816313127
0,1,-0.6039823113773113,0.13075592676410228,0.3105027819090295,-0.6893793559777665,-1.163718805035878
0,1,-1.0029261765497208,-0.6104048819471545,0.1939333582911795,-0.5193030349708732,-1.0693418639010228
1,0,-0.40451037879112073,0.4676472034510476,1.098734122563063,-1.2996532137083854,1.8406138210903424
1,0,0.6925852504329842,0.6697819694632224,-0.03365456401033721,0.5811908068384392,0.2676648021760909
1,0,-0.5541143282307779,0.06337767142673618,-0.8052331298618206,0.27105163323763354,1.1170572723897867
0,1,1.540340963924365,0.8719167354753973,1.7093358653232298,-1.5297564715412415,1.6361304486314896
1,0,-0.055434496765273025,0.8719167354753973,-0.1946313871016539,0.07096184381775855,-1.383931667683873
1,0,1.390737014484708,1.613077544186654,-0.8163349797301873,0.6212087647224147,-0.5974571582267474
0,0,1.6400769302174603,1.2088080121623426,0.6102527283549295,-1.0595454664045354,-0.9277764521987402
1,0,1.3408690313381462,0.7371602248006268,-0.5498905828893873,-0.04909202983416672,0.5979840961480837
1,0,-0.7535862608169684,-0.7451613926219632,1.0321230233528629,-0.8094332296296918,1.5260240173074922
0,1,-1.0527941596962826,-1.5537004566706243,-0.06696011361543722,0.28105612270862673,0.2676648021760909
0,1,1.4406049976312414,0.6697819694632224,-0.760825730388354,0.07096184381775855,-0.8805879816313127
0,1,0.5429813009933554,0.4002689481136815,-1.2715108243332207,0.8813254909682516,-0.07838398198504441
1,0,0.1939054189674794,0.7371602248006268,0.2771972323039295,-0.4492716086739167,1.3058111546594968
0,1,-0.30477441249802545,-0.0040005839106682,-0.15022398762818723,0.3210740805926023,-0.9592354325770253
1,0,0.09416945267438409,-0.47564837127238396,-0.03920548894452054,0.3210740805926023,-0.8648584914421701
0,1,-2.0501538226272924,-2.294861265381881,-0.03920548894452054,-0.13913243507311032,-0.06265449179590189
1,0,-1.0029261765497208,-1.5537004566706243,-0.7330711057174373,0.3911055068895581,1.5260240173074922
1,0,-0.9031902102566255,-1.6210787120079904,-0.2612424863118539,-0.2791952876670227,1.1013277822006442
1,0,-0.953058193403159,-1.0820526693089085,-1.1327377009786372,0.02093939646278981,0.01599295914981068
0,1,0.3933773515536983,-0.2735136052602091,-0.7497238805199873,-0.12912794560211643,-1.0064239031444528
1,0,0.49311331784679363,0.6024037141258181,0.7767804763804296,-1.0195275085205602,-0.6918340993616025
1,0,-1.0527941596962826,-1.0820526693089085,0.5935999535523795,0.060957354346764664,1.0541393116332167
1,0,-0.055434496765273025,-0.47564837127238396,-0.3667100600613373,0.04094837540477688,-0.770481550307315
1,0,1.839548862803651,1.815212310198829,0.18283150842281282,-0.2791952876670227,1.3215406448486393
0,1,1.1413970987519555,0.8719167354753973,0.47703052993452955,-0.6893793559777665,0.4564186844458011
1,0,-0.2050384462049018,0.535025458788452,-0.1779786122991039,0.24103816482465185,0.0002634689606681657
1,0,-0.2549064293514636,-0.5430266266097884,1.5372571923635463,-1.6998327925481354,-1.4625791186295858
1,0,0.1939054189674794,1.1414297568249383,-0.13357121282563722,0.7412626383743393,0.975491860687504
1,0,0.5429813009933554,0.535025458788452,-1.4713441219638208,1.5716352644668208,0.9597623704983616
0,1,0.8920571830192031,0.6024037141258181,1.898067313085463,-1.9099270714390042,-1.3367431971164456
0,1,1.540340963924365,0.6697819694632224,-0.16132583749655388,0.7612716173163271,-1.446849628440443
1,0,0.5928492841398889,1.613077544186654,-0.3278535855220539,1.351536496104958,-0.1727609231198995
0,1,-0.6538502945238731,-0.13875709458543867,-0.061409188681253876,-0.3292177350219914,1.400188095794352
1,0,1.4904729807778032,1.6804557995240583,0.48258145486871284,-0.9494960822236042,-0.33005582501132463
1,0,-0.7037182776704066,-0.13875709458543867,1.681581240652313,-1.9899629872069537,0.5350661353915137
0,1,-0.9031902102566255,-0.3408918605976135,-0.33895543539042056,-0.3492267139639792,1.1642457429572142
1,0,1.1912650818984891,0.9392949908127634,-0.35560821019297056,0.04094837540477688,0.28339429236523345
0,1,-1.0527941596962826,-0.6104048819471545,0.41597035565851287,-0.18915488242807907,-0.7232930797398875
1,0,0.7424532335795461,0.535025458788452,-0.6997655561123373,0.4611369331865146,0.912573899930934
1,0,1.1912650818984891,1.2088080121623426,-0.2556915613776706,-0.1591414140150981,0.3777712335000885
1,0,-0.5541143282307779,0.13075592676410228,0.1273222590809795,0.25104265429564576,1.1170572723897867
1,0,-0.6039823113773113,-0.4082701159350179,-0.844089604401104,1.4115634329309208,0.9912213508766465
1,0,-0.5042463450842161,-0.0040005839106682,-0.16687676243073724,-0.19915937189907296,0.9440328803092191
1,0,-0.6039823113773113,-0.8799179032967337,-0.5221359582184706,0.8513120225552707,-0.5974571582267474
1,0,-0.8533222271100637,-0.20613534992284305,-0.3056498857853206,0.4311234647735329,1.0226803312549315
1,0,-1.4517380248686638,-1.418943945995854,-0.2612424863118539,-0.059096519305160605,0.9912213508766465
1,0,0.8421891998726413,0.535025458788452,-0.8551914542694706,1.0714107909171333,0.39350072368923106
1,0,-1.3520020585755685,-1.0820526693089085,-0.3889137597980706,0.6712312120773835,-0.67610460917246
0,0,-1.80081390689454,-1.6884569673453949,-0.7552748054541706,1.2815050698080015,-0.21994939368732705
1,0,-0.6039823113773113,-0.0040005839106682,-0.8329877545327373,0.9613614067362021,0.6451725667155113
1,0,1.2910010481916128,1.1414297568249383,1.298567420193663,-1.2896487242373915,-1.226636765792448
0,1,-1.102662142842816,-1.48632220133322,0.46037775513197954,-0.7894242506877039,-1.415390648062158
1,0,0.293641385260603,1.2088080121623426,-0.2112841619042039,0.48114591212850166,1.856343311279485
0,0,0.293641385260603,-0.13875709458543867,0.010752835463129468,-0.37924018237696017,0.912573899930934
1,0,0.6427172672864507,0.6697819694632224,0.0163037603973128,-0.6393569086227977,-0.44016225633532224
1,0,-0.6538502945238731,0.13075592676410228,0.9877156238793963,-1.269639745295404,-1.289554726549018
0,1,-0.3546423956445589,-0.8799179032967337,-0.827436829598554,0.9313479383232204,1.6833189191989173
0,1,-0.7535862608169684,-0.47564837127238396,-0.15022398762818723,-0.18915488242807907,0.975491860687504
0,0,0.293641385260603,1.0066732461501677,-1.426936722490354,2.0218372906615394,-1.3210137069273031
0,0,-0.4543783619376542,0.4002689481136815,1.398484069008963,-1.1996083189984479,0.9440328803092191
0,0,-1.3021340754290351,-0.8799179032967337,0.46592868006616284,-0.6193479296808106,0.29912378255437594
1,0,-0.3546423956445589,-0.6104048819471545,-1.3658765482143373,1.3715454750469458,1.2743521742812118
0,1,-0.1053024799118065,-0.20613534992284305,0.09401670947587948,-0.2291728403120539,0.2519353119869484
1,0,-1.2023981091359115,-1.1494309246462746,-0.20573323697002055,0.3210740805926023,0.4878776648240861
1,0,-1.0527941596962826,-0.6777831372845589,-0.20573323697002055,0.02093939646278981,-1.226636765792448
1,0,0.1440374358209459,1.0066732461501677,-0.5165850332842873,0.5011548910704895,-0.4087032759570372
1,0,0.34350936840713653,-0.3408918605976135,0.010752835463129468,-0.2791952876670227,-0.9435059423878827
1,0,0.6925852504329842,0.535025458788452,0.3937666559217795,-0.5393120139128602,1.2428931939029269
1,0,0.3933773515536983,1.1414297568249383,0.21613705802791283,-0.8594556769846605,1.7462368799554873
0,1,-1.5514739911617874,-1.3515656906584494,0.5658453288814629,-0.6693703770357794,-0.644645628794175
1,0,-0.9031902102566255,-0.6104048819471545,-0.40001560966643723,0.45113244371552075,-0.44016225633532224
1,0,0.1440374358209459,1.2088080121623426,-0.993964577624054,0.801289575200302,0.17328786104123584
0,0,-0.2050384462049018,0.06337767142673618,-0.044756413878703875,-0.3192132455509982,-0.7232930797398875
0,1,-1.1525301259893779,-0.7451613926219632,0.7878823262487963,-1.1695948505854665,0.12609939047380828
0,0,0.4432453347002318,1.3435645228371131,-0.7885803550592706,0.27105163323763354,1.6361304486314896
1,0,-0.5541143282307779,-1.1494309246462746,1.7537432647966964,-1.6197968767801851,-1.1794482952250205
0,0,0.04430146952785062,-0.47564837127238396,-0.10581658815472055,-0.17915039295708515,0.7867379784177939
0,1,1.390737014484708,0.535025458788452,-0.4888304086133706,0.4711414226575085,-1.195177785414163
0,0,-1.2023981091359115,-0.2735136052602091,-0.6165016820995873,0.6612267226063896,-1.4940380990078708
1,0,0.49311331784679363,0.4676472034510476,-0.41666838446898724,0.5811908068384392,1.1957047233354994
1,0,-0.9031902102566255,-1.2841874353210452,-0.42777023433735395,1.0814152803881265,-1.2738252363598754
1,0,1.1413970987519555,1.1414297568249383,0.39931758085596286,-0.13913243507311032,0.5507956255806562
0,1,-0.15517046305836832,0.6024037141258181,0.8100860259855296,-0.7894242506877039,-0.31432633482218214
1,0,-0.9031902102566255,-0.8799179032967337,-0.5720942826261206,0.9113389593812333,-1.289554726549018
0,1,0.3933773515536983,1.545699288849288,-0.022552714141970538,0.03094388593378299,-0.5817276680376049
0,1,0.1440374358209459,0.13075592676410228,-0.6109507571654039,0.4711414226575085,1.494565036929207
0,1,-1.3520020585755685,-0.9472961586340998,-0.3778119099297039,1.0714107909171333,0.7710084882286514
1,0,1.1413970987519555,1.0740515014875722,-0.28344618604858723,0.1810112279986892,-0.5188097072810348
0,1,0.293641385260603,0.4002689481136815,-0.6220526070337706,1.2815050698080015,-0.5188097072810348
1,0,-0.8533222271100637,-1.418943945995854,-0.20573323697002055,0.20102020694067702,-0.07838398198504441
0,1,0.1939054189674794,1.0740515014875722,-0.9995155025582373,1.5416217960538392,0.8181969587960789
1,0,0.1440374358209459,0.4002689481136815,-0.5887470574286706,1.381549964517939,-0.3457853152004672
0,1,-0.8034542439635303,-0.6104048819471545,0.20503520815954615,-0.11912345613112324,0.9283033901200766
1,0,-1.8506818900410733,-1.9579699886949358,0.6824147524993129,-0.7093883349197543,1.2900816644703543
0,1,-2.199757772066921,-2.6317525420688264,-0.42777023433735395,0.9213434488522272,0.7867379784177939
1,0,0.5429813009933554,-0.2735136052602091,-0.2112841619042039,-0.389244671847954,0.7552789980395088
1,0,0.34350936840713653,0.19813418210150666,0.2938500071064795,-0.39924916131894794,-1.4783086088187283
0,0,1.241133065045051,1.0066732461501677,0.6435582779600295,-0.7694152717457169,0.5350661353915137
0,1,-0.40451037879112073,-1.0820526693089085,-1.160492325649554,1.1214332382721022,-0.8176700208747426
1,0,0.4432453347002318,0.6697819694632224,-0.5609924327577539,0.9013344699102395,-0.73902256992903
0,0,-0.30477441249802545,-0.47564837127238396,1.132039672168163,-1.1795993400564604,-1.6985214714667234
0,1,1.1912650818984891,0.7371602248006268,-0.3278535855220539,0.571186317367446,1.4473765663617795
0,1,-1.0029261765497208,-0.7451613926219632,-1.110534001241904,1.1414422172140892,-0.6289161386050324
0,0,1.8894168459502128,2.152103586885774,-0.8884970038745706,1.0213883435621647,1.1013277822006442
1,0,-1.601341974308321,-1.3515656906584494,-0.23348786164093724,0.17100673852769604,1.9349907622251974
1,0,0.34350936840713653,0.13075592676410228,-1.4047330227536208,2.492048295798246,0.8181969587960789
1,0,1.9392848290967462,2.152103586885774,-0.3223026605878706,0.41111448583154586,1.400188095794352
1,0,0.4432453347002318,0.4676472034510476,-0.08916381335217055,-0.4192581402609357,1.5260240173074922
1,0,0.6925852504329842,0.535025458788452,-0.8329877545327373,1.2715005803370083,0.2676648021760909
0,0,1.839548862803651,1.815212310198829,0.13842410894934615,0.02093939646278981,0.6609020569046538
0,0,1.0915291156053937,1.2088080121623426,-1.160492325649554,2.2419360590234017,-1.2109072756033055
1,0,-0.8034542439635303,-0.47564837127238396,0.055160234936596136,0.08096633328875173,0.4878776648240861
1,0,0.2437734021140412,-0.13875709458543867,-0.5443396579552039,0.8813254909682516,1.4473765663617795
1,0,1.1413970987519555,0.6697819694632224,0.12177133414679615,-0.2791952876670227,1.1327867625789292
0,0,1.1912650818984891,0.06337767142673618,0.3216046317773962,-1.1095679137595043,1.1170572723897867
1,0,1.1413970987519555,0.6697819694632224,-0.5387887330210206,0.37109652794757103,0.6923610372829389
1,0,-0.6039823113773113,0.4002689481136815,0.34935925644831284,-0.08910998771814158,1.620400958442347
1,0,-0.2549064293514636,-0.47564837127238396,0.2105861330937295,-0.3392222244929853,-1.4783086088187283
0,1,-1.0527941596962826,-1.6210787120079904,0.3882157309875962,-0.9695050611655915,-0.6918340993616025
1,0,-0.2549064293514636,-0.0040005839106682,-0.3223026605878706,0.31106959112160837,-0.2828673544438971
1,0,-0.0055665136187112016,-0.47564837127238396,-0.9717608778873207,0.1209842911727273,-0.06265449179590189
0,1,0.1939054189674794,0.4002689481136815,-0.5054831834159206,0.4911504015994956,-1.3682021774947306
0,1,-0.1053024799118065,-0.0040005839106682,-0.7885803550592706,0.8112940646712958,0.881114919552649
0,1,-0.4543783619376542,0.4002689481136815,-0.7885803550592706,0.9513569172652081,0.8968444097417915
0,1,-1.4018700417221304,-1.418943945995854,0.5158870044738129,-0.2491818192540417,0.7552789980395088
1,0,0.8421891998726413,0.4676472034510476,0.0163037603973128,0.0009304175208020274,1.2586226840920693
0,1,-0.5541143282307779,0.06337767142673618,-0.3056498857853206,0.04094837540477688,-0.73902256992903
0,1,-0.6538502945238731,0.13075592676410228,0.32715555671157953,-0.6693703770357794,-1.1322598246575928
0,0,0.1939054189674794,0.06337767142673618,-0.3056498857853206,-0.19915937189907296,1.4159175859834945
0,1,-0.9031902102566255,-0.7451613926219632,-1.1826960253862873,1.4415769013439017,-0.5188097072810348
0,1,-0.3546423956445589,-1.014674413971504,-1.3048163739383207,2.0618552485455144,-1.5726855499535832
1,0,0.6925852504329842,0.4676472034510476,-0.5720942826261206,1.4115634329309208,-0.2828673544438971
0,1,-1.0029261765497208,-0.6777831372845589,0.1273222590809795,-0.07910549824714767,0.7395495078503663
0,1,-0.6039823113773113,0.06337767142673618,0.25499353256719615,-0.869460166455654,0.6137135863372263
0,1,1.5902089470708984,1.0066732461501677,-1.127186776044454,1.8217475012416646,-1.6670624910884384
1,0,0.1440374358209459,-0.3408918605976135,0.0662620848049628,-0.20916386137006684,-1.0378828835227378
0,1,-0.8533222271100637,-1.3515656906584494,1.2597109456543796,-1.3996981084183229,-0.188490413309042
1,0,1.7896808796571175,1.2088080121623426,0.41597035565851287,-0.6793748665067726,0.7395495078503663
1,0,1.1413970987519555,0.9392949908127634,-1.143839550847004,2.672129106276133,1.5260240173074922
1,0,-1.2023981091359115,-0.9472961586340998,0.07736393467332947,0.05095286487577077,0.42495970406751604
1,0,-0.7535862608169684,-0.4082701159350179,-0.9717608778873207,0.45113244371552075,0.849655939174364
1,0,0.9419251661657366,0.4676472034510476,2.2644283587415632,-1.4997430031282604,0.4564186844458011
1,0,0.49311331784679363,0.26551243743887276,0.41597035565851287,-0.8394466980426727,-0.37724429557875216
0,0,1.8894168459502128,1.6804557995240583,-0.511034108350104,0.6612267226063896,1.4159175859834945
1,0,-1.3520020585755685,-1.014674413971504,0.0329565351998628,-0.5693254823258419,-0.5345391974701773
1,0,-0.6039823113773113,-0.6104048819471545,-0.14467306269400387,0.03094388593378299,0.8181969587960789
0,1,1.241133065045051,1.3435645228371131,-0.5221359582184706,1.4815948592278765,-1.6985214714667234
0,1,1.5902089470708984,0.9392949908127634,3.12482172353998,-2.1000123713878853,-1.619874020521011
1,0,1.241133065045051,1.0740515014875722,-0.7719275802567206,1.401558943459927,1.3844586056052095
1,0,1.241133065045051,0.19813418210150666,0.0662620848049628,-0.2691907981960295,0.9440328803092191
1,0,1.839548862803651,1.8825905655362332,1.6260719913104797,-1.6398058557221726,-1.1479893148467355
1,0,0.1939054189674794,-0.3408918605976135,-1.0550247519000706,1.0413973225041517,-1.226636765792448
1,0,1.1912650818984891,0.13075592676410228,0.5214379294079962,-1.1996083189984479,0.881114919552649
0,1,1.9392848290967462,2.152103586885774,0.17172965855444616,0.07096184381775855,-0.5345391974701773
1,0,-0.9031902102566255,-0.8125396479593293,-0.5387887330210206,0.7012446804903645,-1.415390648062158
1,0,-2.100021805773826,-2.294861265381881,0.4548268301977962,-0.8394466980426727,-0.20421990349818453
0,1,0.3933773515536983,0.4676472034510476,1.9258219377563797,-1.8899180924970163,-1.0064239031444528
0,1,0.34350936840713653,0.535025458788452,1.0265720984186797,-0.9995185295785729,-0.5030802170918923
1,0,0.4432453347002318,1.4109427781745174,-0.6442563067705039,0.02093939646278981,-0.7075635895507449
0,0,-0.6039823113773113,0.06337767142673618,-0.3112008107195039,0.5411728489544643,1.3215406448486393
0,0,-0.5541143282307779,0.06337767142673618,-0.2667934112460372,0.5311683594834704,0.39350072368923106
1,0,0.04430146952785062,0.8719167354753973,-0.022552714141970538,0.23103367535365796,-0.25140837406561206
0,1,0.5928492841398889,0.6024037141258181,-0.9995155025582373,1.0814152803881265,0.15755837085209332
1,0,0.8421891998726413,0.06337767142673618,6.416520209510697,-2.740299697531485,-1.5412265695752982
0,1,1.1413970987519555,1.2088080121623426,1.8869654632170965,-1.6998327925481354,0.2519353119869484
0,1,0.09416945267438409,0.9392949908127634,0.17172965855444616,-0.46928058761590447,0.47214817463494363
0,0,1.1413970987519555,0.9392949908127634,-0.5332378080868373,0.41111448583154586,-0.8963174718204552
0,0,1.1912650818984891,0.8045384801379929,-0.18352953723328722,0.08096633328875173,1.5102945271183497
1,0,-0.40451037879112073,-1.014674413971504,1.8203543640068964,-1.2996532137083854,0.47214817463494363
0,1,-1.3520020585755685,-0.7451613926219632,1.4428914684824297,-1.549765450483229,0.4564186844458011
0,1,-0.953058193403159,-1.5537004566706243,-0.5221359582184706,0.801289575200302,-0.5502686876593198
1,0,0.4432453347002318,0.4676472034510476,-0.7053164810465207,1.751716074944708,-1.446849628440443
1,0,-0.2050384462049018,-0.6777831372845589,0.6047018034207462,-0.6393569086227977,-0.5974571582267474
0,1,1.0416611324588603,0.7371602248006268,-0.6442563067705039,-0.3192132455509982,-0.44016225633532224
1,0,-2.249625755213483,-2.6317525420688264,0.6158036532891129,-0.7193928243907481,-0.644645628794175
0,1,1.2910010481916128,0.9392949908127634,1.2097526212467296,-1.0495409769335415,0.6766315470937962
1,0,-0.2050384462049018,-0.5430266266097884,0.34935925644831284,-0.2691907981960295,-1.2109072756033055
1,0,0.293641385260603,1.2761862674997086,-0.6997655561123373,0.13098878064372046,-1.0221533933335953
1,0,-1.0527941596962826,-1.48632220133322,-0.9662099529531373,0.6912401910193705,-0.5502686876593198
1,0,1.839548862803651,1.613077544186654,-0.14467306269400387,0.01093490699179592,0.42495970406751604
0,1,1.4904729807778032,1.613077544186654,0.5880490286181962,-1.0395364874625477,0.330582762932661
1,0,0.09416945267438409,0.9392949908127634,-0.3112008107195039,0.44112795424452683,0.5193366452023711
1,0,-1.0029261765497208,-0.8799179032967337,1.2874655703252964,-1.3796891294763354,1.5417535074966346
0,1,-0.30477441249802545,0.535025458788452,0.49368330473707955,0.02093939646278981,0.04745193952809571
1,0,-0.7535862608169684,0.13075592676410228,0.7601277015778796,-0.7293973138617413,-1.415390648062158
1,0,-1.2023981091359115,-0.9472961586340998,-0.061409188681253876,0.0009304175208020274,0.2362058217978059
0,0,-0.5541143282307779,-0.2735136052602091,0.3382574065799462,-0.6493613980937917,1.0541393116332167
0,0,1.3408690313381462,1.4109427781745174,0.3549101813824962,-0.7494062928037292,0.6294430765263688
1,0,0.9419251661657366,0.33289069277627714,1.9591274873614797,-1.8198866662000601,1.0855982920115017
0,1,1.6400769302174603,0.9392949908127634,-0.7996822049276373,1.9117879064806083,-1.6356035107101534
0,0,0.7424532335795461,0.26551243743887276,0.22723890789627949,-0.42926262973192886,0.8339264489852214
1,0,0.7923212167261079,0.4002689481136815,3.130372648474163,-2.029980945090929,-1.5097675891970133
1,0,-0.7535862608169684,-0.2735136052602091,1.0265720984186797,-1.3596801505343479,-0.12557245255247196
0,1,0.8920571830192031,0.19813418210150666,0.7046184522360462,-0.7293973138617413,-1.3996611578730156
0,1,0.3933773515536983,0.6024037141258181,-0.13912213775982055,-0.12912794560211643,-0.6603751189833175
0,0,-0.6538502945238731,-0.20613534992284305,-1.2659598993990373,1.4515813908148956,-0.8805879816313127
0,1,0.09416945267438409,0.8719167354753973,0.26609538243556285,-0.8794646559266479,-0.5502686876593198
0,1,0.5429813009933554,0.8719167354753973,-0.8329877545327373,1.3315275171629704,-1.5726855499535832
1,0,-0.5541143282307779,-0.8125396479593293,-1.4324876474245374,1.3915544539889328,-0.4873507269027498
1,0,0.49311331784679363,0.6024037141258181,1.5206044175609963,-1.149585871643479,1.400188095794352
0,1,1.0915291156053937,0.8045384801379929,1.8536599136119964,-1.5997878978381979,-0.14130194274161448
1,0,1.6899449133639939,1.815212310198829,-0.02810363907615387,-0.4492716086739167,-0.15703143293075697
0,1,-0.5541143282307779,-1.014674413971504,-0.02810363907615387,0.2910606121796206,0.20474684141952085
1,0,0.9419251661657366,0.6697819694632224,-1.0328210521633374,0.38110101741856417,0.34631225312180347
0,1,0.4432453347002318,0.33289069277627714,0.9044517498666462,-1.069549955875529,-1.195177785414163
0,1,-0.1053024799118065,-0.4082701159350179,-0.6442563067705039,0.2910606121796206,0.2519353119869484
1,0,0.293641385260603,0.26551243743887276,0.09401670947587948,-0.2291728403120539,0.22047633160866337
1,0,1.839548862803651,1.6804557995240583,0.5658453288814629,-0.39924916131894794,0.2676648021760909
1,0,0.6427172672864507,0.4676472034510476,1.231956320983463,-1.5697744294252165,1.0384098214440742
1,0,1.390737014484708,0.535025458788452,-0.760825730388354,1.0514018119751456,-1.226636765792448
1,0,0.293641385260603,-0.0040005839106682,0.6602110527625795,-0.5293075244418664,-0.31432633482218214
1,0,-0.055434496765273025,-0.3408918605976135,2.6030347797267464,-1.9599495187939728,0.8968444097417915
0,0,0.1939054189674794,-0.3408918605976135,0.04405838506822947,1.0714107909171333,0.362041743310946
0,1,-1.3520020585755685,-1.014674413971504,0.47703052993452955,-0.7193928243907481,-0.25140837406561206
0,1,0.9917931493122984,0.7371602248006268,1.2763637204569296,-1.3996981084183229,-1.5412265695752982
1,0,0.9917931493122984,0.4002689481136815,0.2438916826988295,-0.4792850770868976,0.9912213508766465
1,0,0.9419251661657366,0.6024037141258181,-0.2945480359169539,0.03094388593378299,-1.6041445303318682
1,0,1.6899449133639939,1.2088080121623426,0.13842410894934615,-0.4092536507899418,0.9912213508766465
1,0,0.5429813009933554,0.9392949908127634,-0.044756413878703875,-0.12912794560211643,-0.8333995110638851
1,0,-0.6538502945238731,-0.07137883924807259,-0.9329044033480374,1.1314377277430954,1.463106056550922
0,1,-0.7037182776704066,-0.2735136052602091,-0.7885803550592706,1.4115634329309208,-0.9592354325770253
0,0,0.3933773515536983,-0.4082701159350179,-0.3611591351271539,0.07096184381775855,-0.06265449179590189
0,1,-0.7037182776704066,-0.07137883924807259,0.7157203021044128,-0.7694152717457169,-1.6041445303318682
1,0,0.8421891998726413,0.13075592676410228,-0.3778119099297039,1.1114287488011083,-1.5726855499535832
0,0,-0.0055665136187112016,0.33289069277627714,0.10511855934424615,-0.3292177350219914,0.4564186844458011
0,1,-1.2522660922824733,-0.4082701159350179,0.7712295514462463,-0.559320992854848,0.6294430765263688
0,1,-0.7037182776704066,-0.13875709458543867,-0.6053998322312206,0.31106959112160837,-0.44016225633532224
1,0,1.2910010481916128,1.0066732461501677,0.3882157309875962,-0.39924916131894794,0.849655939174364
1,0,0.1440374358209459,0.13075592676410228,-0.3778119099297039,0.5211638700124772,-0.9435059423878827
1,0,1.7398128965105557,1.6804557995240583,-0.6720109314414207,0.2210291858826648,0.975491860687504
1,0,-0.40451037879112073,-0.8125396479593293,0.36601203125086285,-0.8894691453976414,1.1485162527680717
0,1,0.7424532335795461,0.7371602248006268,0.6713129026309462,-0.6193479296808106,0.11036990028466577
1,0,1.1413970987519555,1.1414297568249383,-0.694214631178154,0.7012446804903645,-1.5254970793861558
0,1,-0.9031902102566255,-1.014674413971504,6.32215448562958,-2.9303849974803664,-0.3457853152004672
0,0,0.3933773515536983,0.4002689481136815,-0.41111745953480394,0.41111448583154586,0.4406891942566586
1,0,1.7398128965105557,1.2761862674997086,-0.744172955585804,0.5611818278964521,-1.5412265695752982
1,0,0.04430146952785062,0.9392949908127634,-1.0161682773607874,0.571186317367446,0.6451725667155113
1,0,-1.5016060080152256,-1.6210787120079904,-0.14467306269400387,0.24103816482465185,0.2519353119869484
0,0,-1.0029261765497208,-0.8799179032967337,-0.20018231203583722,-0.369235692905967,-1.619874020521011
1,0,0.7923212167261079,0.6697819694632224,-0.30009896085113724,0.01093490699179592,0.5350661353915137
0,1,-0.0055665136187112016,-0.2735136052602091,0.26609538243556285,-0.7394018033327352,0.6923610372829389
1,0,-0.9031902102566255,-1.48632220133322,0.25499353256719615,-0.5393120139128602,-0.4716212367136073
1,0,-1.1525301259893779,-1.014674413971504,-0.2112841619042039,0.14099327011471438,1.463106056550922
0,0,0.6427172672864507,0.06337767142673618,-0.46662670887663726,0.41111448583154586,1.2586226840920693
1,0,-2.349361721506578,-2.9012655634184057,-0.35560821019297056,1.1014242593301145,1.2428931939029269
0,0,-1.0029261765497208,-0.4082701159350179,-0.2723443361802206,0.05095286487577077,-0.8648584914421701
1,0,1.0416611324588603,1.0066732461501677,-0.5276868831526539,0.4911504015994956,-0.1727609231198995
0,1,0.34350936840713653,0.4002689481136815,-0.7330711057174373,0.24103816482465185,1.7305073897663448
1,0,-0.5042463450842161,0.13075592676410228,0.19948428322536282,-0.21916835084106073,-1.0378828835227378
1,0,-0.6039823113773113,-0.20613534992284305,-0.4943813335475539,0.31106959112160837,-0.7075635895507449
1,0,0.6427172672864507,0.6697819694632224,0.08291485960751281,0.771276106787321,-0.37724429557875216
1,0,0.34350936840713653,0.4676472034510476,0.010752835463129468,0.13098878064372046,-0.4087032759570372
1,0,-0.6538502945238731,-0.13875709458543867,0.038507460134046136,0.09097082275974562,0.01599295914981068
1,0,0.8421891998726413,0.6697819694632224,0.9766137740110296,-1.5197519820702476,-1.4311201382513006
0,1,-0.3546423956445589,0.33289069277627714,0.13287318401516282,0.2110246964116709,-1.3996611578730156
0,0,-0.5042463450842161,-0.8125396479593293,-0.8718442290720206,1.8517609696546455,1.431647076172637
1,0,1.0416611324588603,1.0066732461501677,-0.03365456401033721,-0.059096519305160605,-1.289554726549018
1,0,0.6925852504329842,0.33289069277627714,0.1772805834886295,-0.6093434402098168,1.5732124878749196
0,1,0.1440374358209459,-0.07137883924807259,0.39931758085596286,-1.0995634242885104,1.0855982920115017
1,0,2.03902079538987,2.2868600975605444,-0.9162516285454874,1.6616756697057644,0.11036990028466577
1,0,-1.6512099574548829,-1.418943945995854,-0.660909081573054,1.0113838540911708,0.47214817463494363
1,0,-0.1053024799118065,-0.5430266266097884,-0.33340451045623726,0.44112795424452683,1.6675894290097748
1,0,0.5928492841398889,1.1414297568249383,-0.5887470574286706,0.9313479383232204,1.5417535074966346
1,0,0.6427172672864507,0.535025458788452,0.49368330473707955,-0.7794197612167101,-1.0221533933335953
0,1,1.0915291156053937,1.0066732461501677,-0.5332378080868373,0.7012446804903645,-0.2828673544438971
1,0,1.6899449133639939,1.0740515014875722,0.13842410894934615,0.1910157174696831,0.4564186844458011
0,1,1.1912650818984891,0.06337767142673618,0.2105861330937295,-0.4192581402609357,0.4406891942566586
0,1,-0.2549064293514636,-0.6777831372845589,0.34935925644831284,-0.869460166455654,1.6046714682532046
1,0,-1.4018700417221304,-0.9472961586340998,-0.6997655561123373,0.9813703856781891,-1.5097675891970133
1,0,0.9419251661657366,0.6697819694632224,0.010752835463129468,-0.10911896666012935,1.3372701350377818
1,0,-0.40451037879112073,-0.07137883924807259,-0.1280202878914539,0.14099327011471438,1.7462368799554873
1,0,-0.5541143282307779,-0.6104048819471545,-0.8662933041378373,1.4915993486988703,0.5822546059589412
1,0,-0.0055665136187112016,-0.20613534992284305,0.2605444575013795,-0.21916835084106073,-0.07838398198504441
1,0,-1.0029261765497208,-1.6210787120079904,0.6380073530258462,-1.1095679137595043,0.2362058217978059
1,0,-0.30477441249802545,-0.47564837127238396,-0.8995988537429374,0.3610920384765771,-1.258095746170733
1,0,0.4432453347002318,0.26551243743887276,1.381831294206413,-1.2196172979404352,-0.2828673544438971
0,1,0.4432453347002318,0.7371602248006268,-1.1882469503204707,2.141891164313464,-0.31432633482218214
1,0,-0.953058193403159,-1.5537004566706243,0.9211045246691962,-1.0895589348175165,0.01599295914981068
1,0,1.3408690313381462,1.4783210335118835,-0.4943813335475539,1.2114736435110458,1.651859938820632
1,0,1.5902089470708984,0.9392949908127634,-1.193797875254654,1.4215679224019147,1.88780229165777
1,0,-0.2549064293514636,-0.4082701159350179,0.13287318401516282,0.15099775958570827,1.1799752331463567
1,0,-0.4543783619376542,0.26551243743887276,-0.06696011361543722,0.401109996360552,0.6451725667155113
1,0,-1.5016060080152256,-1.418943945995854,-0.46662670887663726,0.9013344699102395,1.5102945271183497
1,0,-0.2549064293514636,-0.47564837127238396,-0.08916381335217055,0.15099775958570827,1.1485162527680717
0,1,-1.3520020585755685,-1.0820526693089085,-0.5831961324944873,0.48114591212850166,-1.3682021774947306
1,0,0.34350936840713653,0.06337767142673618,0.32715555671157953,-0.7193928243907481,-0.45589174652446474
1,0,-1.4018700417221304,-1.014674413971504,-0.11691843802308721,0.4311234647735329,0.8653854293635065
0,1,-0.6039823113773113,0.19813418210150666,0.18838243335699617,0.1810112279986892,-0.2671378642547546
1,0,0.49311331784679363,0.6697819694632224,0.23278983283046284,-0.29920426660901045,0.29912378255437594
1,0,0.2437734021140412,1.3435645228371131,-0.4777285587450039,0.5111593805414834,0.6766315470937962
1,0,0.04430146952785062,-0.13875709458543867,-0.03920548894452054,-0.019078561421185754,0.11036990028466577
1,0,0.34350936840713653,-0.20613534992284305,0.32715555671157953,-0.6293524191518038,0.6451725667155113
0,0,-0.5541143282307779,0.13075592676410228,-0.03920548894452054,-0.2291728403120539,0.912573899930934
1,0,-0.5042463450842161,-0.9472961586340998,0.6324564280916629,-0.8294422085716792,-0.12557245255247196
0,0,0.5928492841398889,-0.07137883924807259,-0.9828627277556873,1.0714107909171333,-1.3052842167381606
1,0,1.4406049976312414,1.613077544186654,0.8822480501299129,-0.6193479296808106,1.4788355467400645
1,0,0.4432453347002318,0.26551243743887276,0.02740561026567947,-0.39924916131894794,0.6294430765263688
1,0,1.1912650818984891,0.06337767142673618,2.0368404364400465,-1.8799136030260228,0.03172244933895319
1,0,0.5928492841398889,1.613077544186654,-0.8940479288087539,1.9017834170096144,-0.20421990349818453
0,1,-0.15517046305836832,-0.6104048819471545,0.20503520815954615,-0.35923120343497306,0.6451725667155113
0,1,0.1440374358209459,0.9392949908127634,-0.9329044033480374,1.0213883435621647,0.01599295914981068
1,0,-0.5541143282307779,0.19813418210150666,-0.9717608778873207,1.401558943459927,-0.20421990349818453
1,0,1.5902089470708984,1.0066732461501677,0.02740561026567947,0.25104265429564576,1.8720728014686274
0,0,2.03902079538987,2.152103586885774,0.28274815723811286,0.34108305953458934,-0.8805879816313127
1,0,-0.30477441249802545,-0.8125396479593293,-0.827436829598554,1.7016936275897394,-0.25140837406561206
1,0,-0.15517046305836832,-0.5430266266097884,-0.710867405980704,0.6112042752514208,1.0226803312549315
0,1,-1.102662142842816,-1.6210787120079904,-1.0383719770975206,0.9413524277942142,-0.09411347217418692
0,1,0.1939054189674794,0.33289069277627714,0.5824981036840129,-0.8594556769846605,-1.0536123737118803
1,0,-0.055434496765273025,-0.4082701159350179,-1.2048997251230207,1.3915544539889328,-1.1794482952250205
0,1,1.7896808796571175,1.3435645228371131,-0.5776452075603039,-0.20916386137006684,-0.15703143293075697
0,1,-0.6039823113773113,-0.07137883924807259,-0.2445897115093039,-0.4792850770868976,-0.7547520601181725
0,0,0.3933773515536983,1.1414297568249383,-0.39446468473225393,-0.12912794560211643,-1.0850713540901653
1,0,-0.953058193403159,-0.9472961586340998,-0.5554415078235706,0.4911504015994956,1.5260240173074922
0,1,0.3933773515536983,-0.3408918605976135,-0.3223026605878706,0.45113244371552075,-0.9277764521987402
0,0,0.9917931493122984,-0.07137883924807259,0.3715629561850462,-0.5493165033838542,0.7552789980395088
1,0,-1.3021340754290351,-1.1494309246462746,-1.4158348726219874,2.031841780132533,-0.9120469620095977
1,0,-0.6538502945238731,0.06337767142673618,1.3707294443380462,-1.2296217874114292,0.09464041009552325
0,1,1.1413970987519555,0.6024037141258181,-0.993964577624054,0.401109996360552,-0.644645628794175
1,0,0.2437734021140412,-0.13875709458543867,-1.2992654490041373,1.1714556856270708,1.4788355467400645
0,1,1.0915291156053937,1.0740515014875722,-0.8884970038745706,0.2910606121796206,-1.4940380990078708
1,0,0.9419251661657366,-0.20613534992284305,-0.6387053818363206,0.28105612270862673,0.5036071550132286
0,1,-0.7535862608169684,-0.47564837127238396,1.231956320983463,-1.2796442347663979,-0.9277764521987402
0,1,-1.4018700417221304,-1.216809179983679,0.7712295514462463,-1.189603829527454,0.39350072368923106
1,0,-1.1525301259893779,-1.2841874353210452,1.082081347760513,-0.9294871032816167,1.0855982920115017
1,0,-1.4018700417221304,-1.1494309246462746,0.6491092028942129,-0.9695050611655915,0.2519353119869484
1,0,0.293641385260603,1.1414297568249383,-0.6165016820995873,1.2614960908660144,1.5732124878749196
0,1,-0.055434496765273025,0.9392949908127634,-1.1216358511102706,1.4815948592278765,-1.195177785414163
0,0,0.1939054189674794,0.13075592676410228,-0.5998489072970373,0.3210740805926023,-1.6985214714667234
1,0,0.293641385260603,0.4002689481136815,3.2635948468945633,-2.1300258398008665,-0.8648584914421701
1,0,-1.4517380248686638,-1.2841874353210452,-0.2889971109827706,-0.5393120139128602,1.5732124878749196
0,1,1.1413970987519555,0.9392949908127634,0.1772805834886295,-0.7293973138617413,-1.4311201382513006
1,0,2.088888778536403,2.2868600975605444,1.115386897365613,-1.629801366251179,-0.3457853152004672
0,1,0.1939054189674794,0.6697819694632224,0.3105027819090295,-0.45927609814491055,-1.4625791186295858
1,0,-2.100021805773826,-2.3622395207192852,-1.0050664274924206,0.9213434488522272,-0.7075635895507449
0,1,-1.2522660922824733,-0.8799179032967337,-0.5165850332842873,1.3015140487499894,0.9440328803092191
1,0,-0.6039823113773113,0.13075592676410228,1.5261553424951797,-1.3196621926503727,1.5102945271183497
0,1,-0.953058193403159,-0.8799179032967337,0.23278983283046284,0.7412626383743393,-0.8963174718204552
0,1,2.138756761682965,2.2194818422231783,0.005201910528946133,-0.09911447718913546,-1.4783086088187283
1,0,-0.5042463450842161,0.19813418210150666,0.24944260763301282,-0.559320992854848,-0.3929737857678947
1,0,0.6427172672864507,0.26551243743887276,-1.0716775267026206,0.6712312120773835,-0.2828673544438971
1,0,-1.102662142842816,-1.48632220133322,-0.8662933041378373,1.6516711802347706,-0.15703143293075697
0,1,1.839548862803651,1.613077544186654,0.5713962538156462,-0.7694152717457169,1.5417535074966346
1,0,0.1440374358209459,-0.07137883924807259,0.005201910528946133,-0.009074071950191864,1.494565036929207
0,1,1.6899449133639939,1.2088080121623426,-0.13357121282563722,0.2610471437666396,1.5102945271183497
0,1,1.5902089470708984,0.8045384801379929,0.8267388007880796,-0.8094332296296918,-1.1794482952250205
1,0,-1.4018700417221304,-1.1494309246462746,-0.6664600065072372,-0.029083050892178934,0.11036990028466577
1,0,-0.9031902102566255,-1.2841874353210452,-0.8718442290720206,0.35108754900558325,-1.1165303344684503
1,0,-1.80081390689454,-1.7558352226827991,7.182547850427997,-3.4406139605010475,1.651859938820632
1,0,0.1440374358209459,1.0740515014875722,0.11622040921261281,-0.2291728403120539,-0.015466021228474349
0,0,-1.2023981091359115,-1.1494309246462746,-0.7719275802567206,0.4311234647735329,-1.0221533933335953
1,0,-1.102662142842816,-1.8905917333575697,1.8925163881512796,-1.6998327925481354,1.0698688018223592
1,0,0.1440374358209459,0.19813418210150666,-0.3112008107195039,1.161451196156077,-0.9120469620095977
0,1,-0.7037182776704066,-0.4082701159350179,-0.7330711057174373,0.5111593805414834,1.0698688018223592
0,0,-0.8034542439635303,-1.014674413971504,1.598317366639563,-1.5697744294252165,0.7080905274720813
1,0,-1.0527941596962826,-1.6210787120079904,2.4309561067670633,-1.9799584977359603,1.1642457429572142
1,0,-0.9031902102566255,-1.0820526693089085,-0.15022398762818723,-0.5092985454998793,1.1485162527680717
1,0,0.49311331784679363,0.9392949908127634,-0.3056498857853206,-0.37924018237696017,1.2586226840920693
1,0,-0.0055665136187112016,-0.4082701159350179,-1.2826126742015873,1.0213883435621647,-1.195177785414163
1,0,0.34350936840713653,0.6697819694632224,-1.2604089744648541,1.2114736435110458,-0.015466021228474349
1,0,-1.2522660922824733,-0.4082701159350179,-1.010617352426604,1.0113838540911708,0.4564186844458011
0,1,-1.7010779406014163,-1.5537004566706243,-0.3611591351271539,1.2614960908660144,-0.10984296236332944
1,0,-1.0527941596962826,-1.418943945995854,-0.7053164810465207,0.45113244371552075,-0.3615148053896097
1,0,0.3933773515536983,-0.0040005839106682,-0.39446468473225393,1.2715005803370083,1.1013277822006442
1,0,0.6427172672864507,0.06337767142673618,-1.4990987466347374,1.6816846486477515,1.368729115416067
1,0,-0.5541143282307779,-0.0040005839106682,1.398484069008963,-1.2396262768824227,0.912573899930934
0,1,0.4432453347002318,0.19813418210150666,-0.6831127813097873,1.0914197698591206,0.6923610372829389
1,0,-1.2023981091359115,-1.1494309246462746,-0.33895543539042056,0.23103367535365796,1.3372701350377818
1,0,-0.1053024799118065,-0.13875709458543867,1.165345221773263,-0.6593658875647855,0.7080905274720813
0,0,0.34350936840713653,0.6697819694632224,2.4531598065037965,-2.0099719661489415,-0.14130194274161448
0,0,-0.6039823113773113,0.06337767142673618,0.15507688375189616,-0.3192132455509982,1.400188095794352
0,1,0.3933773515536983,0.4676472034510476,-0.8496405293352873,0.2110246964116709,0.975491860687504
1,0,-0.1053024799118065,0.8719167354753973,1.0432248732212297,-0.9995185295785729,-1.3210137069273031
1,0,-0.9031902102566255,-1.216809179983679,0.7101693771702295,-0.9394915927526102,-0.770481550307315
0,1,1.6899449133639939,1.0066732461501677,-0.3112008107195039,0.3010651016506145,0.1418288806629508
1,0,-0.2549064293514636,0.535025458788452,-1.0161682773607874,1.4915993486988703,-0.5659981778484624
0,1,1.8894168459502128,1.7478340548614628,0.8045351010513463,-1.069549955875529,0.9283033901200766
0,1,1.1413970987519555,0.4676472034510476,0.11066948427842949,-0.6093434402098168,0.17328786104123584
0,1,1.7896808796571175,1.8825905655362332,-0.7719275802567206,0.3210740805926023,-1.3367431971164456
0,1,1.6400769302174603,1.613077544186654,-0.18908046216747057,-0.10911896666012935,-0.6289161386050324
0,0,-0.9031902102566255,-0.8125396479593293,1.6538266159813964,-1.159590361114473,-1.163718805035878
0,1,-0.30477441249802545,-0.6104048819471545,-0.43332115927153725,0.8613165120262646,-0.5974571582267474
1,0,0.1939054189674794,-0.13875709458543867,-0.14467306269400387,-0.7093883349197543,0.1418288806629508
1,0,0.7424532335795461,0.33289069277627714,-0.061409188681253876,-0.42926262973192886,1.4159175859834945
1,0,0.5928492841398889,0.8045384801379929,0.5325397792763629,-1.0395364874625477,1.620400958442347
1,0,-0.055434496765273025,0.06337767142673618,0.7878823262487963,-1.0895589348175165,1.400188095794352
0,1,0.04430146952785062,-0.4082701159350179,0.1661787336202628,-0.8394466980426727,0.2519353119869484
0,0,1.0915291156053937,0.7371602248006268,0.49368330473707955,-0.9394915927526102,-0.04692500160675938
1,0,-0.8533222271100637,-1.0820526693089085,-1.1660432505837373,0.9213434488522272,0.912573899930934
1,0,-2.1498897889203876,-2.5643742867314603,-0.7885803550592706,1.201469154040052,-0.10984296236332944
1,0,-0.3546423956445589,-0.9472961586340998,-0.6498072317046872,0.8913299804392455,-0.3929737857678947
0,1,0.6427172672864507,0.7371602248006268,0.23278983283046284,-0.9094781243396293,-1.2109072756033055
0,0,-0.7535862608169684,-0.8799179032967337,-0.4943813335475539,0.3911055068895581,-1.258095746170733
1,0,-1.2522660922824733,-0.9472961586340998,-0.017001789207787204,-0.09911447718913546,1.4788355467400645
1,0,0.6925852504329842,0.535025458788452,1.115386897365613,-1.079554445346523,0.03172244933895319
1,0,-0.4543783619376542,-1.216809179983679,-1.2215524999255707,2.031841780132533,-1.1322598246575928
1,0,1.241133065045051,1.3435645228371131,0.1939333582911795,-0.6193479296808106,-0.7075635895507449
0,1,0.2437734021140412,-0.07137883924807259,-1.0883303015051706,2.371994422146321,0.2519353119869484
0,0,-0.3546423956445589,-0.8799179032967337,-0.727520180783254,0.44112795424452683,-0.4087032759570372
0,1,-0.055434496765273025,-0.2735136052602091,-0.9717608778873207,0.44112795424452683,-1.383931667683873
0,1,-0.5541143282307779,-0.9472961586340998,-0.6331544569021372,0.9613614067362021,-1.1479893148467355
1,0,0.9917931493122984,0.6697819694632224,0.06071115987077948,-0.4792850770868976,1.1957047233354994
1,0,0.8421891998726413,0.8045384801379929,-0.10026566322053722,-0.3292177350219914,0.34631225312180347
1,0,0.4432453347002318,0.6024037141258181,-0.23348786164093724,0.3210740805926023,-0.7232930797398875
0,1,2.138756761682965,2.354238352897949,-0.07806196348380388,0.20102020694067702,-1.6670624910884384
1,0,0.7923212167261079,0.4002689481136815,-0.8218859046643706,0.9413524277942142,0.881114919552649
1,0,-1.5016060080152256,-1.2841874353210452,-0.2778952611144039,0.41111448583154586,-0.188490413309042
1,0,-0.8533222271100637,-0.4082701159350179,0.16062780868607948,-0.4192581402609357,0.5036071550132286
1,0,-1.3520020585755685,-0.8799179032967337,0.0662620848049628,0.0009304175208020274,0.2676648021760909
1,0,0.1440374358209459,0.4002689481136815,1.481747943021713,-1.5597699399542229,-0.31432633482218214
0,1,0.49311331784679363,0.6024037141258181,0.19948428322536282,-0.5393120139128602,0.6609020569046538
1,0,-0.1053024799118065,0.7371602248006268,-0.7053164810465207,0.25104265429564576,1.1485162527680717
1,0,0.6427172672864507,0.7371602248006268,0.11622040921261281,-0.46928058761590447,-0.8333995110638851
1,0,1.241133065045051,1.0066732461501677,1.4595442432849797,-1.3596801505343479,1.3215406448486393
1,0,0.09416945267438409,-0.13875709458543867,-0.6053998322312206,1.5016038381698644,-0.09411347217418692
0,0,0.49311331784679363,0.8045384801379929,0.34935925644831284,-0.7293973138617413,-1.3996611578730156
1,0,1.1413970987519555,1.0066732461501677,-0.7996822049276373,1.4215679224019147,1.4159175859834945
1,0,-1.5514739911617874,-1.48632220133322,-0.6331544569021372,0.9113389593812333,0.8653854293635065
1,0,0.34350936840713653,0.06337767142673618,0.0163037603973128,-0.4492716086739167,1.3058111546594968
1,0,0.34350936840713653,0.4002689481136815,0.005201910528946133,1.2715005803370083,-0.3615148053896097
1,0,-1.0527941596962826,-0.20613534992284305,3.635506817484847,-2.3201111397497476,-1.2738252363598754
1,0,0.1440374358209459,1.0066732461501677,0.5269888543421796,-0.8094332296296918,-1.1322598246575928
1,0,0.3933773515536983,0.6024037141258181,-0.4555248590082706,0.771276106787321,-0.4087032759570372
1,0,-0.3546423956445589,-0.9472961586340998,1.1375905971023463,-1.3596801505343479,-1.1794482952250205
1,0,-1.6512099574548829,-1.6210787120079904,-0.3611591351271539,0.17100673852769604,0.6294430765263688
0,0,-1.80081390689454,-1.6884569673453949,0.09401670947587948,-0.19915937189907296,-0.7232930797398875
1,0,-1.0029261765497208,-0.8125396479593293,1.3929331440747796,-1.2796442347663979,1.3372701350377818
0,1,1.1413970987519555,0.06337767142673618,0.13287318401516282,-0.21916835084106073,-1.2109072756033055
1,0,-0.3546423956445589,-0.8799179032967337,-0.3056498857853206,0.05095286487577077,1.651859938820632
1,0,0.34350936840713653,0.535025458788452,-0.2945480359169539,-0.28919977713801653,1.2271637037137844
1,0,0.34350936840713653,-0.2735136052602091,-0.21683508683838723,0.41111448583154586,0.22047633160866337
1,0,-0.30477441249802545,-0.6104048819471545,2.3199376080833964,-1.7898731977870788,-0.8333995110638851
0,1,0.9917931493122984,0.6697819694632224,2.447608881569613,-1.8499001346130415,-1.383931667683873
1,0,-0.9031902102566255,-1.48632220133322,0.19948428322536282,-0.49929405602888544,0.4564186844458011
1,0,1.839548862803651,1.545699288849288,2.1256552353869798,-1.6898283030771413,1.3372701350377818
1,0,1.9392848290967462,1.815212310198829,-0.061409188681253876,-0.1591414140150981,1.0855982920115017
0,1,-1.0029261765497208,-1.2841874353210452,0.07181300973914614,-0.3392222244929853,1.2900816644703543
0,0,-0.30477441249802545,-0.7451613926219632,1.2375072459176464,-1.069549955875529,-0.2671378642547546
0,1,-0.6538502945238731,-1.014674413971504,0.6713129026309462,-1.2996532137083854,-0.9120469620095977
1,0,1.1413970987519555,1.2088080121623426,-1.4324876474245374,1.1714556856270708,-0.73902256992903
0,1,1.0416611324588603,0.4002689481136815,-0.12246936295727055,-0.10911896666012935,-1.6670624910884384
1,0,1.0416611324588603,0.6024037141258181,0.6602110527625795,-0.9695050611655915,1.2271637037137844
1,0,1.0915291156053937,0.535025458788452,1.598317366639563,-1.6197968767801851,-1.5569560597644407
0,1,0.1440374358209459,1.1414297568249383,0.0662620848049628,-0.35923120343497306,-0.37724429557875216
1,0,0.5429813009933554,1.545699288849288,0.3105027819090295,-0.8094332296296918,0.40923021387837355
0,1,0.1939054189674794,1.0066732461501677,-0.35005728525878727,-0.7394018033327352,0.5665251157697987
1,0,-0.2050384462049018,-0.6777831372845589,-0.6997655561123373,0.8513120225552707,0.7080905274720813
1,0,1.1912650818984891,0.8719167354753973,-0.8163349797301873,1.0514018119751456,-0.8963174718204552
1,0,-0.15517046305836832,-0.6777831372845589,0.36601203125086285,-0.6993838454487604,0.6766315470937962
1,0,-0.9031902102566255,-1.2841874353210452,0.46037775513197954,-0.5092985454998793,-0.644645628794175
0,1,0.04430146952785062,0.06337767142673618,-0.5332378080868373,0.9313479383232204,-0.73902256992903
1,0,-0.8034542439635303,-0.8799179032967337,-0.8496405293352873,0.4911504015994956,0.42495970406751604
0,1,1.0416611324588603,0.6024037141258181,2.0923496857818797,-1.6898283030771413,-0.8963174718204552
0,1,-0.5541143282307779,-0.7451613926219632,-0.2889971109827706,-0.04909202983416672,-1.226636765792448
1,0,0.09416945267438409,0.06337767142673618,-0.08916381335217055,0.23103367535365796,-1.3052842167381606
0,1,-0.2549064293514636,0.6697819694632224,-0.4888304086133706,0.3310785700635955,0.4406891942566586
0,1,0.9419251661657366,0.4002689481136815,-0.35560821019297056,0.7812805962583141,1.1170572723897867
1,0,0.3933773515536983,-0.13875709458543867,0.6546601278283962,-0.8894691453976414,0.6766315470937962
1,0,-0.5541143282307779,0.06337767142673618,-0.3667100600613373,0.2610471437666396,0.881114919552649
1,0,0.3933773515536983,1.3435645228371131,-0.23903878657512057,0.0009304175208020274,1.0541393116332167
0,1,-1.102662142842816,-0.4082701159350179,-0.2445897115093039,-0.3492267139639792,0.3777712335000885
0,0,1.6400769302174603,1.7478340548614628,0.8489425005248129,-1.0995634242885104,0.2676648021760909
1,0,1.7896808796571175,1.613077544186654,-0.8385386794669206,0.1910157174696831,1.7776958603337722
0,1,-1.3021340754290351,-1.0820526693089085,0.13842410894934615,-0.49929405602888544,-0.04692500160675938
1,0,1.7398128965105557,1.2761862674997086,-0.13357121282563722,-0.07910549824714767,-1.3210137069273031
1,0,-1.4018700417221304,-1.014674413971504,1.2597109456543796,-1.4197070873603101,-1.5884150401427257
0,1,0.09416945267438409,0.4002689481136815,2.4642616563721633,-1.9199315609099976,-0.3929737857678947
0,1,0.34350936840713653,-0.2735136052602091,2.5364236805165463,-2.0199764556199353,1.494565036929207
0,1,-1.4018700417221304,-1.1494309246462746,1.415136843811513,-1.2496307663534165,-1.1008008442793078
0,1,2.088888778536403,2.084725331548408,0.38266480605341285,-0.8894691453976414,-1.383931667683873
1,0,1.7398128965105557,2.0173470762110037,-0.810784054796004,1.161451196156077,-0.44016225633532224
1,0,0.5928492841398889,0.19813418210150666,-0.4888304086133706,-0.029083050892178934,0.2362058217978059
0,0,1.2910010481916128,0.13075592676410228,1.8536599136119964,-1.869909113555029,-0.33005582501132463
1,0,0.9419251661657366,0.6024037141258181,1.4428914684824297,-1.5797789188962104,-0.8491290012530276
0,1,0.9917931493122984,0.8719167354753973,-0.05030733881288721,-0.35923120343497306,-1.2738252363598754
1,0,0.3933773515536983,1.2088080121623426,-0.6220526070337706,0.3310785700635955,1.1327867625789292
0,1,-0.6039823113773113,-0.13875709458543867,-0.6997655561123373,0.5511773384254582,-0.6918340993616025
0,1,0.34350936840713653,1.1414297568249383,-0.1946313871016539,-0.3092087560800043,1.9035317818469124
0,0,-0.8533222271100637,-0.0040005839106682,-0.6664600065072372,0.7112491699613583,-0.04692500160675938
1,0,-0.8034542439635303,-0.20613534992284305,-0.4555248590082706,0.4211189753025398,1.0541393116332167
1,0,-0.5042463450842161,0.13075592676410228,-0.2723443361802206,0.11097980170173341,-0.8491290012530276
1,0,1.0915291156053937,1.0066732461501677,-0.6387053818363206,0.5211638700124772,-1.0850713540901653
1,0,0.7424532335795461,0.4676472034510476,-0.6276035319679539,0.6112042752514208,-0.42443276614617975
0,1,-0.953058193403159,-1.5537004566706243,0.5214379294079962,-0.9294871032816167,0.5822546059589412
0,1,0.04430146952785062,-0.5430266266097884,-0.6720109314414207,-0.019078561421185754,1.7776958603337722
0,1,-1.3520020585755685,-1.48632220133322,-0.005899939339420535,0.801289575200302,0.9912213508766465
0,1,-1.601341974308321,-1.48632220133322,0.8600443503931796,-0.6993838454487604,0.11036990028466577
1,0,-0.8533222271100637,-0.2735136052602091,-0.06696011361543722,-0.9094781243396293,1.2743521742812118
1,0,-1.2522660922824733,-0.8799179032967337,-0.6109507571654039,0.4311234647735329,1.463106056550922
1,0,0.9917931493122984,0.6697819694632224,0.13287318401516282,-0.37924018237696017,-1.5726855499535832
0,0,-0.1053024799118065,-0.47564837127238396,0.3105027819090295,-0.7894242506877039,1.1799752331463567
1,0,-1.4018700417221304,-0.9472961586340998,2.097900610716063,-1.5897834083672038,-0.8491290012530276
1,0,0.3933773515536983,0.7371602248006268,-0.3278535855220539,0.11097980170173341,1.0698688018223592
1,0,1.0915291156053937,0.8719167354753973,0.34935925644831284,-0.7193928243907481,0.18901735123037833
0,1,-0.5541143282307779,-0.13875709458543867,-1.0328210521633374,1.3715454750469458,-0.5817276680376049
1,0,0.2437734021140412,1.0740515014875722,-0.02810363907615387,-0.2291728403120539,-0.2828673544438971
1,0,0.34350936840713653,0.19813418210150666,-0.03365456401033721,-0.4392671192029228,1.4159175859834945
1,0,2.03902079538987,2.152103586885774,-0.39446468473225393,-0.059096519305160605,0.6294430765263688
1,0,-1.3520020585755685,-1.216809179983679,-0.2723443361802206,0.10097531223073951,-1.446849628440443
1,0,-1.3520020585755685,-1.418943945995854,0.22168798296209616,-0.559320992854848,1.3372701350377818
1,0,0.3933773515536983,0.8719167354753973,-0.22793693670675388,0.02093939646278981,-0.5502686876593198
1,0,1.7398128965105557,2.0173470762110037,0.3715629561850462,-0.5993389507388229,0.28339429236523345
0,1,-1.9005498731876351,-1.8905917333575697,-0.8329877545327373,0.8613165120262646,-1.5884150401427257
0,0,-1.80081390689454,-1.6884569673453949,0.3160537068432128,-0.4892895665578915,-0.5188097072810348
0,1,-0.7535862608169684,-0.2735136052602091,-0.5443396579552039,0.8212985541422897,-0.015466021228474349
1,0,1.6400769302174603,1.0066732461501677,0.3438083315141295,-0.4792850770868976,-1.5412265695752982
0,1,-0.1053024799118065,-0.5430266266097884,0.7712295514462463,-1.0195275085205602,1.4788355467400645
1,0,-0.8533222271100637,-0.7451613926219632,0.8655952753273629,-0.9294871032816167,1.0384098214440742
1,0,0.8421891998726413,0.6024037141258181,-0.744172955585804,0.6412177436644018,1.5574829976857771
1,0,-0.30477441249802545,-0.6777831372845589,-0.5720942826261206,0.791285085729308,-0.5188097072810348
1,0,-1.7010779406014163,-1.6884569673453949,-0.5554415078235706,0.5511773384254582,1.431647076172637
1,0,-1.0029261765497208,-1.2841874353210452,1.8758636133487296,-1.5697744294252165,-1.6985214714667234
0,0,-1.2522660922824733,-1.0820526693089085,1.4095859188773296,-1.6097923873091917,-1.258095746170733
1,0,1.8894168459502128,2.0173470762110037,-0.48327948367918727,-0.13913243507311032,-0.5659981778484624
0,1,-0.5541143282307779,-0.9472961586340998,-0.12246936295727055,-0.019078561421185754,0.09464041009552325
1,0,0.6427172672864507,0.26551243743887276,0.8655952753273629,-0.9094781243396293,0.0002634689606681657
1,0,-0.7037182776704066,0.13075592676410228,0.1661787336202628,-0.369235692905967,-1.5412265695752982
0,1,1.6899449133639939,1.8825905655362332,-0.11691843802308721,-0.12912794560211643,-0.07838398198504441
0,1,0.04430146952785062,0.26551243743887276,0.09401670947587948,-0.18915488242807907,-0.25140837406561206
1,0,0.49311331784679363,1.4109427781745174,0.7545767766436963,-0.9294871032816167,1.4473765663617795
1,0,0.3933773515536983,0.9392949908127634,-1.2382052747281207,1.761720564415702,-1.0221533933335953
1,0,1.839548862803651,1.815212310198829,-0.7996822049276373,1.3915544539889328,0.2362058217978059
1,0,-1.3021340754290351,-0.9472961586340998,-0.03920548894452054,-0.12912794560211643,0.4406891942566586
0,0,-0.40451037879112073,-0.8125396479593293,2.047942286308413,-1.869909113555029,-0.06265449179590189
1,0,-0.9031902102566255,-1.48632220133322,-0.6442563067705039,0.8112940646712958,1.1799752331463567
1,0,1.0915291156053937,0.9392949908127634,-0.16132583749655388,0.4911504015994956,-1.1794482952250205
0,1,0.293641385260603,0.6697819694632224,-0.7663766553225373,1.4615858802858894,-0.21994939368732705
0,1,-0.7535862608169684,-0.9472961586340998,1.9868821120323963,-1.9799584977359603,-0.9120469620095977
1,0,1.6899449133639939,1.8825905655362332,-0.9051497786771207,1.3415320066339642,-0.15703143293075697
0,1,-0.8533222271100637,-1.5537004566706243,0.34935925644831284,-0.6593658875647855,-0.031195511417616863
0,0,0.34350936840713653,-0.2735136052602091,-0.827436829598554,0.8513120225552707,-1.5884150401427257
1,0,-0.40451037879112073,0.19813418210150666,-0.5498905828893873,0.7012446804903645,-1.3682021774947306
1,0,0.4432453347002318,1.0066732461501677,-0.18908046216747057,0.11097980170173341,0.330582762932661
0,1,1.839548862803651,1.7478340548614628,0.7323730769069628,-0.9494960822236042,0.8653854293635065
1,0,1.7896808796571175,2.0173470762110037,-0.02810363907615387,-0.029083050892178934,0.11036990028466577
0,1,-0.5042463450842161,0.19813418210150666,-1.3103672988725041,2.8622144062250134,0.04745193952809571
1,0,-0.6039823113773113,-1.014674413971504,-0.2723443361802206,-0.49929405602888544,-1.2423662559815905
0,0,0.1939054189674794,-0.07137883924807259,5.683798118198497,-2.7202907185894976,-0.42443276614617975
1,0,-0.5541143282307779,-0.13875709458543867,-1.3991820978194374,2.191913611668433,1.6990484093880598
1,0,-1.0527941596962826,-1.6884569673453949,0.12177133414679615,-0.2291728403120539,-1.446849628440443
0,1,-0.9031902102566255,-1.5537004566706243,0.38266480605341285,-0.6193479296808106,-0.031195511417616863
0,1,0.6427172672864507,0.7371602248006268,1.6371738411788463,-1.4597250452442854,-1.3524726873055881
1,0,0.9419251661657366,0.8045384801379929,0.6546601278283962,-1.0895589348175165,-1.3367431971164456
0,1,-1.0029261765497208,-1.2841874353210452,0.26609538243556285,-0.7694152717457169,-1.226636765792448
0,1,0.09416945267438409,0.19813418210150666,0.9155535997350129,-1.079554445346523,-1.0378828835227378
1,0,0.7424532335795461,0.33289069277627714,0.9044517498666462,-1.1295768927014918,0.42495970406751604
1,0,-1.0527941596962826,-1.014674413971504,-0.11136751308890389,-0.5693254823258419,-0.73902256992903
0,1,1.6400769302174603,1.6804557995240583,0.7490258517095129,-0.7293973138617413,-0.5030802170918923
0,1,0.3933773515536983,-0.4082701159350179,-1.093881226439354,2.2419360590234017,0.07891091990638074
1,0,-0.5541143282307779,-0.8799179032967337,-0.1946313871016539,0.1810112279986892,0.8968444097417915
1,0,-1.0029261765497208,-1.5537004566706243,0.3715629561850462,-0.9194826138106228,-1.4311201382513006
0,1,-1.0527941596962826,-0.8125396479593293,-0.005899939339420535,-0.2391773297830478,-0.8491290012530276
1,0,-1.3021340754290351,-1.418943945995854,0.3715629561850462,-0.6593658875647855,1.0698688018223592
0,1,-0.7037182776704066,-0.0040005839106682,-0.15022398762818723,-0.2491818192540417,-1.2738252363598754
1,0,-0.055434496765273025,-0.5430266266097884,1.231956320983463,-1.4397160663022976,0.11036990028466577
0,0,-0.8034542439635303,-1.014674413971504,-0.7830294301250873,0.7112491699613583,0.22047633160866337
1,0,-0.0055665136187112016,-0.2735136052602091,-0.07251103854962054,0.6412177436644018,0.6609020569046538
1,0,0.5429813009933554,0.7371602248006268,-0.6109507571654039,0.25104265429564576,0.2362058217978059
0,0,-0.1053024799118065,0.8719167354753973,1.365178519403863,-1.4597250452442854,0.4878776648240861
0,1,-1.2023981091359115,-0.7451613926219632,-0.33340451045623726,-0.18915488242807907,1.1642457429572142
1,0,-0.7535862608169684,-0.8125396479593293,0.7268221519727796,-1.0395364874625477,-1.4940380990078708
0,1,1.7398128965105557,1.4783210335118835,1.548359042231913,-1.6398058557221726,0.01599295914981068
0,1,-0.4543783619376542,-1.0820526693089085,-1.1493904757811872,1.1714556856270708,-0.5817276680376049
0,1,0.5429813009933554,1.613077544186654,1.498400717824263,-1.4897385136572663,0.28339429236523345
0,1,1.6899449133639939,1.1414297568249383,-0.13357121282563722,0.4211189753025398,0.9440328803092191
1,0,-0.5042463450842161,0.13075592676410228,-0.3445063603246039,-0.20916386137006684,-0.7547520601181725
0,1,0.49311331784679363,-0.13875709458543867,0.30495185697484617,-0.8894691453976414,0.5507956255806562
0,1,0.5429813009933554,0.4002689481136815,-0.7164183309148873,0.3911055068895581,-0.5502686876593198
1,0,-0.5042463450842161,0.26551243743887276,-0.9662099529531373,0.9113389593812333,1.856343311279485
1,0,0.7923212167261079,0.4676472034510476,0.7767804763804296,-1.0495409769335415,-1.5412265695752982
0,0,0.1939054189674794,1.2761862674997086,-0.5609924327577539,0.6712312120773835,-1.0536123737118803
1,0,-2.100021805773826,-2.3622395207192852,0.16062780868607948,-0.4892895665578915,0.04745193952809571
1,0,-1.3021340754290351,-1.1494309246462746,-0.35560821019297056,0.05095286487577077,1.7934253505229147
1,0,-0.7535862608169684,-0.3408918605976135,-1.360325623280154,2.672129106276133,-1.5097675891970133
1,0,1.1413970987519555,0.6697819694632224,0.3882157309875962,-0.8994736348686354,1.2900816644703543
0,1,-1.2522660922824733,-0.7451613926219632,-0.5720942826261206,0.48114591212850166,-1.6670624910884384
1,0,-2.100021805773826,-2.3622395207192852,-0.02810363907615387,-0.20916386137006684,-0.31432633482218214
1,0,0.5928492841398889,0.19813418210150666,-0.23348786164093724,0.571186317367446,-0.5030802170918923
1,0,-0.3546423956445589,-0.6777831372845589,-0.511034108350104,1.0413973225041517,0.5036071550132286
1,0,-1.3021340754290351,-1.1494309246462746,0.9266554496033795,-0.9094781243396293,-1.5569560597644407
1,0,-0.5042463450842161,0.19813418210150666,-0.37226098499552057,-0.389244671847954,-0.1727609231198995
1,0,-1.0527941596962826,-1.014674413971504,-1.2992654490041373,0.7212536594323522,0.7395495078503663
1,0,-0.6039823113773113,-1.216809179983679,-0.5332378080868373,1.3415320066339642,-1.3682021774947306
0,1,0.7923212167261079,0.6024037141258181,0.19948428322536282,0.01093490699179592,0.4878776648240861
0,1,-0.953058193403159,-0.7451613926219632,-0.677561856375604,-0.07910549824714767,-0.67610460917246
1,0,-1.3520020585755685,-1.0820526693089085,-0.28344618604858723,-0.25918630872503556,-0.6131866484158899
0,0,-0.7037182776704066,-0.2735136052602091,-0.4999322584817373,0.25104265429564576,-1.446849628440443
1,0,0.9419251661657366,0.535025458788452,1.0876322726946963,-0.8494511875136667,-0.6603751189833175
1,0,-1.3021340754290351,-1.0820526693089085,-0.8163349797301873,0.9713658962071959,1.0384098214440742
0,0,0.293641385260603,-0.3408918605976135,-0.2445897115093039,-0.3492267139639792,-0.45589174652446474
0,1,-0.7037182776704066,-0.2735136052602091,0.5325397792763629,-1.0295319979915543,-1.5569560597644407
1,0,1.0915291156053937,0.535025458788452,-0.5609924327577539,0.14099327011471438,-0.6603751189833175
1,0,0.8920571830192031,0.19813418210150666,-1.0994321513735374,1.0514018119751456,-0.6918340993616025
0,1,1.8894168459502128,1.7478340548614628,-0.06696011361543722,0.1910157174696831,0.8024674686069364
1,0,0.7923212167261079,0.6024037141258181,0.5158870044738129,-0.8394466980426727,1.2743521742812118
1,0,1.4904729807778032,1.815212310198829,0.0662620848049628,0.1810112279986892,0.04745193952809571
0,1,-0.6538502945238731,-0.20613534992284305,-0.9828627277556873,1.0514018119751456,-1.163718805035878
0,1,-1.0029261765497208,-1.2841874353210452,-0.7552748054541706,0.48114591212850166,0.6294430765263688
0,1,-1.80081390689454,-1.8905917333575697,2.9527430505802967,-2.0599944135039103,1.1799752331463567
1,0,1.0915291156053937,1.0066732461501677,-0.6997655561123373,0.35108754900558325,-0.3929737857678947
1,0,0.3933773515536983,-0.2735136052602091,0.7823314013146129,-1.1295768927014918,-1.3524726873055881
1,0,1.6899449133639939,1.2088080121623426,4.046275262614413,-2.4201560344596853,-1.383931667683873
1,0,1.9392848290967462,1.7478340548614628,-0.6276035319679539,1.3415320066339642,1.006950841065789
0,0,-0.055434496765273025,-0.5430266266097884,-0.07806196348380388,-0.6793748665067726,-1.6985214714667234
0,1,0.6925852504329842,0.8045384801379929,0.010752835463129468,-0.369235692905967,-1.258095746170733
1,0,0.04430146952785062,-0.4082701159350179,-0.5831961324944873,0.7312581489033454,0.29912378255437594
1,0,0.34350936840713653,1.2088080121623426,-0.660909081573054,0.7012446804903645,0.17328786104123584
0,0,0.8920571830192031,0.33289069277627714,-0.33895543539042056,-0.13913243507311032,0.5193366452023711
0,0,1.1912650818984891,0.7371602248006268,0.21613705802791283,-0.7694152717457169,1.3844586056052095
0,0,-1.0029261765497208,-0.8125396479593293,-0.710867405980704,1.381549964517939,-0.5502686876593198
1,0,-1.3021340754290351,-0.8125396479593293,-0.3667100600613373,0.6212087647224147,0.9283033901200766
1,0,0.6427172672864507,0.4002689481136815,2.3698959324910462,-1.7398507504321101,0.8339264489852214
1,0,0.293641385260603,1.1414297568249383,1.082081347760513,-1.0095230190495668,-0.5659981778484624
0,0,-0.5042463450842161,0.33289069277627714,-1.127186776044454,1.6816846486477515,0.4406891942566586
0,1,-0.3546423956445589,-1.0820526693089085,-0.39446468473225393,0.2210291858826648,-0.3929737857678947
1,0,-0.5541143282307779,-1.216809179983679,1.6038682915737463,-1.6197968767801851,-1.289554726549018
0,1,0.5928492841398889,0.4676472034510476,0.021854685331496135,-0.7093883349197543,-1.0693418639010228
1,0,1.1413970987519555,0.535025458788452,0.6158036532891129,-0.759410782274723,-1.289554726549018
0,1,0.7424532335795461,0.535025458788452,-0.48327948367918727,0.41111448583154586,0.7710084882286514
0,1,1.7398128965105557,1.9499688208735992,-0.5609924327577539,0.28105612270862673,-0.031195511417616863
0,1,2.088888778536403,2.354238352897949,-0.5665433576919373,0.7212536594323522,-0.09411347217418692
1,0,0.49311331784679363,0.535025458788452,2.4198542568986965,-2.029980945090929,-1.4311201382513006
1,0,0.1939054189674794,1.1414297568249383,-0.5276868831526539,1.1214332382721022,1.0384098214440742
0,1,-0.8034542439635303,-0.3408918605976135,-1.0827793765709874,0.5311683594834704,0.22047633160866337
0,1,-1.2522660922824733,-0.3408918605976135,0.07736393467332947,0.24103816482465185,-0.7547520601181725
0,0,-0.9031902102566255,-1.6210787120079904,-1.227103424859754,1.5716352644668208,-1.6985214714667234
0,1,0.2437734021140412,1.3435645228371131,1.8203543640068964,-1.6998327925481354,-0.07838398198504441
0,1,-1.6512099574548829,-1.6884569673453949,-0.13357121282563722,0.2110246964116709,-0.8333995110638851
0,0,0.7424532335795461,0.6024037141258181,-0.08361288841798721,0.04094837540477688,0.2519353119869484
1,0,-0.9031902102566255,-0.6104048819471545,0.1661787336202628,-0.4792850770868976,1.431647076172637
1,0,-0.6538502945238731,-0.07137883924807259,-0.927353478413854,1.4715903697568833,-1.0064239031444528
0,1,-0.953058193403159,-1.5537004566706243,-0.5776452075603039,0.09097082275974562,0.6137135863372263
0,1,-0.953058193403159,-1.2841874353210452,-0.4610757839424539,0.37109652794757103,-0.44016225633532224
1,0,-1.1525301259893779,-1.216809179983679,-1.1382886259128207,1.3015140487499894,0.7552789980395088
1,0,1.241133065045051,1.0740515014875722,-0.6664600065072372,0.37109652794757103,-1.0850713540901653
0,1,-0.6039823113773113,-0.0040005839106682,-0.05585826374707054,-0.1491369245441042,-0.4873507269027498
1,0,-0.5541143282307779,-1.014674413971504,0.22723890789627949,-0.08910998771814158,0.17328786104123584
1,0,-1.5016060080152256,-1.2841874353210452,-1.0217192022949706,0.37109652794757103,1.7147778995772023
0,1,-0.2549064293514636,0.6024037141258181,-0.8940479288087539,0.8713210014972584,0.17328786104123584
0,1,0.2437734021140412,-0.0040005839106682,-0.7386220306516207,1.0213883435621647,0.17328786104123584
1,0,0.04430146952785062,0.9392949908127634,-0.5609924327577539,0.2210291858826648,0.4878776648240861
0,1,1.1912650818984891,1.2761862674997086,-0.6498072317046872,0.6412177436644018,1.3529996252269245
0,0,-1.2522660922824733,-0.9472961586340998,-0.3223026605878706,-0.11912345613112324,-1.4783086088187283
0,1,-1.2522660922824733,-0.5430266266097884,-0.05030733881288721,0.0009304175208020274,1.5417535074966346
1,0,0.3933773515536983,1.6804557995240583,-0.6442563067705039,0.7312581489033454,0.2362058217978059
1,0,-1.8506818900410733,-1.8232134780201652,0.14952595881771283,-0.4192581402609357,1.0541393116332167
1,0,-0.5042463450842161,-0.6777831372845589,0.02740561026567947,-0.8194377191006853,-1.3052842167381606
0,1,0.7424532335795461,0.4676472034510476,1.1375905971023463,-1.1795993400564604,-0.73902256992903
1,0,-1.601341974308321,-1.418943945995854,-0.660909081573054,0.5411728489544643,-0.5974571582267474
1,0,0.09416945267438409,-0.47564837127238396,-0.960659028018954,0.9313479383232204,-0.770481550307315
1,0,-0.5541143282307779,0.06337767142673618,1.5761136669028297,-1.389693618947329,0.362041743310946
0,0,0.34350936840713653,0.535025458788452,-0.11691843802308721,0.01093490699179592,0.5350661353915137
1,0,-1.9005498731876351,-1.8232134780201652,-0.35560821019297056,-0.29920426660901045,-1.0064239031444528
0,0,-0.9031902102566255,-0.8125396479593293,-0.5720942826261206,1.191464664569058,0.7080905274720813
0,1,0.7424532335795461,0.33289069277627714,0.46592868006616284,-0.6493613980937917,0.7710084882286514
0,1,-0.953058193403159,-0.6777831372845589,2.42540518183288,-2.0699989029749037,0.7867379784177939
1,0,-1.0029261765497208,-1.48632220133322,1.664928465849763,-1.7298462609611165,-0.45589174652446474
0,1,0.6925852504329842,0.4676472034510476,-0.3833628348638872,0.6512222331353957,-0.10984296236332944
1,0,0.293641385260603,0.26551243743887276,2.597483854792563,-2.0199764556199353,0.12609939047380828
1,0,-0.6039823113773113,-0.3408918605976135,-0.9162516285454874,0.8112940646712958,0.8024674686069364
1,0,0.293641385260603,1.1414297568249383,-0.28344618604858723,0.771276106787321,-1.3524726873055881
1,0,1.390737014484708,1.545699288849288,-0.8496405293352873,1.781729543357689,1.006950841065789
0,1,0.4432453347002318,-0.3408918605976135,1.215303546180913,-1.3196621926503727,0.12609939047380828
0,0,0.5928492841398889,1.613077544186654,-0.7996822049276373,0.7812805962583141,-0.2828673544438971
0,1,1.3408690313381462,1.6804557995240583,-0.677561856375604,1.151446706685083,-1.3996611578730156
1,0,0.7424532335795461,0.7371602248006268,2.863928251633363,-2.3201111397497476,-0.04692500160675938
0,0,-0.5042463450842161,0.13075592676410228,0.5436416291447296,-0.19915937189907296,-0.6289161386050324
0,1,1.1413970987519555,1.1414297568249383,-0.5387887330210206,0.17100673852769604,0.29912378255437594
1,0,-0.9031902102566255,-1.1494309246462746,-0.7719275802567206,0.8713210014972584,1.3529996252269245
0,1,1.0915291156053937,0.9392949908127634,-0.0003490144052372012,-0.4892895665578915,-1.3210137069273031
1,0,1.4904729807778032,0.8045384801379929,-0.2501406364434872,-0.29920426660901045,-0.644645628794175
1,0,0.2437734021140412,0.33289069277627714,-0.017001789207787204,-0.37924018237696017,-1.5097675891970133
0,1,0.6427172672864507,0.6697819694632224,0.5658453288814629,-0.6993838454487604,0.5822546059589412
1,0,-1.3520020585755685,-1.216809179983679,1.1930998464441795,-1.3196621926503727,0.2676648021760909
1,0,-0.3546423956445589,-0.6777831372845589,-0.6498072317046872,0.7312581489033454,-1.3052842167381606
1,0,0.3933773515536983,0.6024037141258181,1.1597942968390795,-1.0095230190495668,0.5036071550132286
0,1,-0.40451037879112073,-1.1494309246462746,0.23834075776464617,0.5511773384254582,-0.015466021228474349
1,0,0.1939054189674794,1.2088080121623426,0.5380907042105462,-0.7694152717457169,-1.5884150401427257
0,1,1.0915291156053937,0.33289069277627714,1.6260719913104797,-1.629801366251179,0.330582762932661
1,0,-0.6039823113773113,-0.3408918605976135,-0.9495571781505874,0.4711414226575085,0.6137135863372263
1,0,-1.3021340754290351,-1.014674413971504,-0.35560821019297056,0.7212536594323522,-0.6131866484158899
1,0,1.5902089470708984,0.8045384801379929,-0.6220526070337706,0.5611818278964521,-1.3052842167381606
0,1,0.1939054189674794,1.0066732461501677,1.1708961467074464,-1.269639745295404,0.12609939047380828
1,0,-0.6039823113773113,-0.2735136052602091,0.4104194307243295,-1.2296217874114292,0.5507956255806562
0,0,-0.8034542439635303,-1.0820526693089085,-0.33340451045623726,-0.07910549824714767,-0.7862110404964575
0,1,1.1413970987519555,0.6024037141258181,0.10511855934424615,-0.8094332296296918,1.5574829976857771
0,1,1.1912650818984891,0.6697819694632224,-0.2723443361802206,-0.28919977713801653,0.9440328803092191
0,0,-0.8533222271100637,-0.6104048819471545,-0.3056498857853206,-0.29920426660901045,-1.258095746170733
0,1,1.4904729807778032,1.545699288849288,-0.3112008107195039,-0.11912345613112324,0.09464041009552325
1,0,-1.3021340754290351,-1.0820526693089085,0.6935166023676795,-1.189603829527454,-0.644645628794175
0,0,-0.30477441249802545,-0.6104048819471545,-0.9218025534796707,0.41111448583154586,-0.42443276614617975
1,0,-0.8034542439635303,-1.418943945995854,1.132039672168163,-1.269639745295404,0.40923021387837355
1,0,0.3933773515536983,0.6024037141258181,-0.4777285587450039,0.3911055068895581,-0.37724429557875216
1,0,2.03902079538987,2.152103586885774,-0.7053164810465207,0.7512671278453332,0.6609020569046538
1,0,0.293641385260603,1.545699288849288,-0.03920548894452054,-0.2791952876670227,-0.8491290012530276
1,0,-1.2522660922824733,-0.7451613926219632,0.08291485960751281,-0.5193030349708732,1.5102945271183497
0,0,-0.30477441249802545,-0.6777831372845589,-0.6886637062439707,1.1714556856270708,-0.7232930797398875
1,0,-0.2050384462049018,0.13075592676410228,0.4881323798028962,-0.3392222244929853,-1.4311201382513006
1,0,0.34350936840713653,0.6697819694632224,-0.23903878657512057,-0.169145903486092,-0.14130194274161448
1,0,0.49311331784679363,1.3435645228371131,-0.511034108350104,-0.3192132455509982,-1.2109072756033055
1,0,-0.953058193403159,-1.3515656906584494,0.9155535997350129,-0.9094781243396293,-0.73902256992903
1,0,0.5928492841398889,0.6024037141258181,-0.6997655561123373,1.0113838540911708,0.5193366452023711
0,1,0.09416945267438409,1.0740515014875722,0.38266480605341285,-0.49929405602888544,1.6361304486314896
1,0,-1.2522660922824733,-0.47564837127238396,0.13842410894934615,-0.2491818192540417,-1.383931667683873
1,0,0.04430146952785062,-0.47564837127238396,0.6380073530258462,-0.8994736348686354,1.463106056550922
0,1,-0.5541143282307779,-1.014674413971504,0.08846578454169614,-0.2391773297830478,0.5350661353915137
0,1,0.2437734021140412,-0.07137883924807259,2.52532183064818,-2.0199764556199353,1.2743521742812118
0,1,-0.953058193403159,-0.6777831372845589,0.6768638275651295,-0.17915039295708515,-0.4087032759570372
1,0,-1.4517380248686638,-1.48632220133322,-0.4721776338108206,1.0614063014461395,-0.21994939368732705
1,0,0.9917931493122984,0.7371602248006268,-0.760825730388354,0.7812805962583141,1.1642457429572142
0,1,-0.15517046305836832,-0.6777831372845589,-0.41111745953480394,0.9013344699102395,0.7867379784177939
1,0,-0.5042463450842161,-0.9472961586340998,-1.1660432505837373,2.0518507590745205,0.18901735123037833
1,0,-1.3021340754290351,-0.4082701159350179,-0.7663766553225373,0.591195296309433,-0.9277764521987402
0,0,-0.4543783619376542,-1.1494309246462746,-0.10026566322053722,-0.3492267139639792,-1.0693418639010228
1,0,0.8421891998726413,-0.13875709458543867,-0.2667934112460372,-0.0691010087761545,0.09464041009552325
0,1,-0.5042463450842161,-0.0040005839106682,-0.28344618604858723,0.6312132541934079,1.4159175859834945
0,1,0.1440374358209459,1.1414297568249383,-0.511034108350104,-0.3192132455509982,-1.6985214714667234
0,1,-0.7037182776704066,-0.3408918605976135,0.22723890789627949,-0.6093434402098168,-0.5974571582267474
0,0,1.1413970987519555,0.06337767142673618,0.8267388007880796,-0.959500571694598,0.11036990028466577
1,0,0.04430146952785062,-0.3408918605976135,-0.4943813335475539,0.01093490699179592,-0.12557245255247196
0,1,-0.4543783619376542,-0.7451613926219632,-0.7885803550592706,1.2414871119240267,0.06318142971723822
0,1,0.8421891998726413,0.7371602248006268,-0.2778952611144039,0.14099327011471438,0.0002634689606681657
1,0,-1.0029261765497208,-1.5537004566706243,-0.5387887330210206,0.3610920384765771,0.6294430765263688
0,1,-0.3546423956445589,-1.0820526693089085,-0.5609924327577539,0.23103367535365796,-1.6985214714667234
1,0,0.34350936840713653,1.1414297568249383,-0.22238601177257056,-0.1591414140150981,1.5260240173074922
1,0,0.9419251661657366,0.6024037141258181,0.15507688375189616,-0.09911447718913546,1.6675894290097748
1,0,-0.4543783619376542,-0.6777831372845589,-0.4943813335475539,0.3010651016506145,-1.0693418639010228
1,0,-0.4543783619376542,0.13075592676410228,0.32715555671157953,-0.6593658875647855,-1.383931667683873
0,1,-0.5541143282307779,-0.9472961586340998,0.1939333582911795,-0.6493613980937917,0.31485327274351843
1,0,-0.1053024799118065,0.535025458788452,0.07736393467332947,-0.7794197612167101,0.8339264489852214
1,0,-1.2023981091359115,-0.3408918605976135,0.1939333582911795,-0.9094781243396293,0.6766315470937962
0,0,0.49311331784679363,0.26551243743887276,-0.15022398762818723,0.4911504015994956,-0.3457853152004672
1,0,-0.5541143282307779,-0.9472961586340998,-0.3223026605878706,0.07096184381775855,0.2519353119869484
0,0,0.1939054189674794,-0.13875709458543867,-0.7219692558490707,0.7512671278453332,0.47214817463494363
1,0,1.4406049976312414,1.613077544186654,0.12177133414679615,-0.5193030349708732,0.6609020569046538
0,1,1.241133065045051,0.33289069277627714,-0.06696011361543722,-0.11912345613112324,0.4406891942566586
0,1,-0.7535862608169684,-1.1494309246462746,-0.5498905828893873,0.3610920384765771,-1.619874020521011
1,0,0.3933773515536983,0.26551243743887276,0.17172965855444616,-0.4792850770868976,-1.3367431971164456
0,1,0.6427172672864507,0.33289069277627714,-0.3223026605878706,-0.029083050892178934,-0.3615148053896097
1,0,1.3408690313381462,1.4109427781745174,1.0487757981554129,-1.5597699399542229,0.5979840961480837
1,0,1.0915291156053937,0.7371602248006268,0.5047851546054462,-0.5393120139128602,-0.21994939368732705
1,0,0.5429813009933554,0.8719167354753973,0.5047851546054462,-1.0495409769335415,-0.8963174718204552
1,0,-1.2522660922824733,-0.4082701159350179,-0.5332378080868373,0.5411728489544643,-0.5974571582267474
1,0,-0.1053024799118065,0.4002689481136815,0.9322063745375629,-0.7494062928037292,0.2519353119869484
0,0,-0.4543783619376542,0.26551243743887276,-0.944006253216404,1.4515813908148956,-0.06265449179590189
1,0,-0.5042463450842161,0.06337767142673618,-0.511034108350104,0.28105612270862673,-0.06265449179590189
1,0,-1.3021340754290351,-0.9472961586340998,-1.193797875254654,1.9117879064806083,0.15755837085209332
1,0,-1.3520020585755685,-1.2841874353210452,-0.18352953723328722,-0.39924916131894794,0.6609020569046538
0,1,-0.40451037879112073,-1.0820526693089085,-0.6886637062439707,0.35108754900558325,-0.8648584914421701
0,0,-1.3520020585755685,-0.8125396479593293,-0.22238601177257056,0.4211189753025398,0.40923021387837355
1,0,1.839548862803651,1.6804557995240583,-0.7885803550592706,0.571186317367446,1.2428931939029269
0,1,1.839548862803651,1.613077544186654,0.5103360795396296,-1.149585871643479,0.3777712335000885
1,0,1.0416611324588603,0.4676472034510476,-0.9995155025582373,0.9313479383232204,-1.0536123737118803
1,0,-0.6039823113773113,-0.6104048819471545,-0.15022398762818723,0.07096184381775855,0.7552789980395088
0,1,1.0416611324588603,0.8719167354753973,-0.23348786164093724,-0.1591414140150981,-1.258095746170733
1,0,0.6925852504329842,0.4676472034510476,0.4270722055268795,-0.3492267139639792,0.20474684141952085
1,0,0.9419251661657366,0.6024037141258181,-1.2770617492674041,0.801289575200302,0.2519353119869484
1,0,-1.102662142842816,-1.0820526693089085,0.40486850579014616,-0.7894242506877039,1.1799752331463567
1,0,-0.5541143282307779,-0.9472961586340998,-0.7719275802567206,0.9513569172652081,-0.45589174652446474
1,0,0.04430146952785062,0.33289069277627714,-0.8052331298618206,0.4311234647735329,0.20474684141952085
1,0,1.7896808796571175,1.9499688208735992,0.27164630736974615,-0.8094332296296918,-0.8648584914421701
1,0,-1.1525301259893779,-0.7451613926219632,0.19948428322536282,-0.009074071950191864,-1.5097675891970133
1,0,-0.8533222271100637,-0.6777831372845589,-0.3778119099297039,0.8313030436132829,-0.2671378642547546
1,0,0.1440374358209459,0.19813418210150666,-0.9828627277556873,2.031841780132533,1.5417535074966346
0,0,-1.5514739911617874,-1.48632220133322,0.055160234936596136,-0.4192581402609357,1.5417535074966346
1,0,-1.4018700417221304,-1.0820526693089085,-0.4388720842057206,0.2110246964116709,-1.0536123737118803
1,0,0.8920571830192031,0.4676472034510476,0.3216046317773962,-0.9194826138106228,-0.5345391974701773
0,1,0.1939054189674794,-0.20613534992284305,-0.9551081030847707,1.1214332382721022,0.5507956255806562
0,1,-0.4543783619376542,0.535025458788452,-0.12246936295727055,-0.1591414140150981,1.2114342135246419
0,1,0.34350936840713653,1.2761862674997086,0.8766971251957296,-1.1795993400564604,1.3058111546594968
0,1,-0.055434496765273025,-0.5430266266097884,-1.0328210521633374,0.9813703856781891,1.1642457429572142
1,0,-1.0527941596962826,-0.4082701159350179,0.10511855934424615,-0.42926262973192886,-1.0850713540901653
1,0,0.7424532335795461,0.33289069277627714,-0.4055665346006206,0.8112940646712958,1.2743521742812118
1,0,-0.6039823113773113,-0.13875709458543867,-0.2723443361802206,0.060957354346764664,0.2519353119869484
1,0,-1.3520020585755685,-1.014674413971504,-0.20018231203583722,0.3310785700635955,-0.2828673544438971
0,0,0.34350936840713653,1.4783210335118835,-1.1327377009786372,0.9013344699102395,-0.7232930797398875
1,0,-0.6039823113773113,-0.13875709458543867,-0.5665433576919373,0.28105612270862673,-1.3367431971164456
1,0,0.8421891998726413,0.4002689481136815,-0.14467306269400387,0.11097980170173341,-0.6918340993616025
0,1,0.5928492841398889,0.4002689481136815,0.20503520815954615,-0.03908754036317282,0.01599295914981068
1,0,1.540340963924365,0.8045384801379929,-0.48327948367918727,1.2915095592789956,-1.5254970793861558
0,1,0.1939054189674794,1.0740515014875722,-0.11691843802308721,-0.35923120343497306,-0.8648584914421701
0,1,0.4432453347002318,0.535025458788452,-0.11136751308890389,-0.5092985454998793,-0.5502686876593198
1,0,-0.953058193403159,-0.07137883924807259,0.49923422967126285,-0.7494062928037292,-0.9906944129553102
1,0,-0.5042463450842161,-0.9472961586340998,1.082081347760513,-0.759410782274723,0.8339264489852214
0,1,0.9419251661657366,0.6024037141258181,-0.4610757839424539,0.3610920384765771,-0.9906944129553102
0,1,1.6899449133639939,1.2761862674997086,-0.6664600065072372,1.0914197698591206,-1.0850713540901653
1,0,-0.1053024799118065,0.8045384801379929,-0.944006253216404,0.6212087647224147,0.5979840961480837
0,1,-1.1525301259893779,-0.7451613926219632,0.18838243335699617,-0.4892895665578915,-1.5569560597644407
0,1,-0.953058193403159,-0.8799179032967337,0.04405838506822947,-0.10911896666012935,-1.6985214714667234
1,0,1.9392848290967462,2.084725331548408,-0.5498905828893873,0.11097980170173341,-1.5097675891970133
1,0,-0.9031902102566255,-1.5537004566706243,-0.4444230091399039,0.45113244371552075,-0.2985968446330396
1,0,0.6925852504329842,0.4002689481136815,0.08846578454169614,0.3310785700635955,1.6361304486314896
0,1,0.09416945267438409,0.26551243743887276,-1.8710107172250208,2.171904632726446,-0.5345391974701773
0,0,1.3408690313381462,1.3435645228371131,-0.3056498857853206,0.15099775958570827,-0.67610460917246
1,0,0.8920571830192031,0.535025458788452,-0.18908046216747057,0.1209842911727273,-1.1794482952250205
1,0,-0.15517046305836832,0.4002689481136815,0.4270722055268795,-0.4892895665578915,0.5350661353915137
1,0,0.1440374358209459,0.06337767142673618,-0.3112008107195039,-0.009074071950191864,1.0384098214440742
1,0,0.1939054189674794,1.3435645228371131,-0.960659028018954,0.3010651016506145,0.1418288806629508
1,0,0.09416945267438409,-0.13875709458543867,1.598317366639563,-1.6998327925481354,-1.6041445303318682
0,0,-0.8533222271100637,-1.3515656906584494,0.07736393467332947,0.10097531223073951,-0.8805879816313127
1,0,1.4406049976312414,0.6697819694632224,1.5594608921002797,-1.5397609610122351,0.31485327274351843
0,0,0.9419251661657366,0.8045384801379929,-0.3611591351271539,0.1810112279986892,-1.415390648062158
1,0,0.5429813009933554,0.33289069277627714,-0.03920548894452054,-0.2491818192540417,0.17328786104123584
0,0,-0.15517046305836832,0.535025458788452,-0.6720109314414207,0.6612267226063896,1.400188095794352
0,1,1.1912650818984891,1.2088080121623426,0.5824981036840129,-0.2791952876670227,1.368729115416067
0,1,2.088888778536403,2.5563731189101238,-0.3223026605878706,0.4911504015994956,0.4406891942566586
1,0,1.2910010481916128,1.4109427781745174,-0.22238601177257056,-0.49929405602888544,1.6833189191989173
1,0,1.0915291156053937,0.4002689481136815,-0.8496405293352873,1.001379364620177,0.3777712335000885
1,0,-0.5541143282307779,0.06337767142673618,2.247775583939013,-1.6598148346641604,1.3215406448486393
1,0,-1.3021340754290351,-1.014674413971504,1.231956320983463,-1.2796442347663979,-0.5030802170918923
1,0,-1.2522660922824733,-0.7451613926219632,0.23278983283046284,-0.959500571694598,0.7395495078503663
1,0,-1.102662142842816,-0.07137883924807259,-1.043922902031704,0.9013344699102395,1.1485162527680717
1,0,-1.102662142842816,-1.014674413971504,0.8877989750640962,-1.2196172979404352,1.431647076172637
1,0,0.9419251661657366,0.19813418210150666,2.4032014820961463,-1.869909113555029,-0.644645628794175
1,0,1.4904729807778032,0.8045384801379929,-0.9884136526898707,0.7612716173163271,-0.031195511417616863
0,1,0.1440374358209459,-0.3408918605976135,0.699067527301863,-0.8594556769846605,-1.195177785414163
1,0,-1.2023981091359115,-0.6777831372845589,1.5705627419686463,-1.4597250452442854,1.4788355467400645
1,0,1.3408690313381462,1.613077544186654,-0.6442563067705039,1.191464664569058,-0.7547520601181725
1,0,0.1939054189674794,0.9392949908127634,2.2033681844655466,-1.6097923873091917,0.362041743310946
0,0,-1.0029261765497208,-1.48632220133322,-1.2493071245964873,0.7812805962583141,-1.3996611578730156
0,1,1.1912650818984891,0.6024037141258181,-0.3889137597980706,0.16100224905670216,0.2519353119869484
0,1,-0.2549064293514636,-0.8799179032967337,-1.210450650057204,1.191464664569058,0.09464041009552325
1,0,-1.5016060080152256,-1.48632220133322,0.3882157309875962,-0.4392671192029228,1.3372701350377818
1,0,-0.3546423956445589,-0.9472961586340998,-0.5665433576919373,0.8112940646712958,-0.644645628794175
1,0,1.540340963924365,0.8045384801379929,-0.777478505190904,0.9213434488522272,0.04745193952809571
0,1,0.5928492841398889,1.0740515014875722,-0.6442563067705039,0.801289575200302,1.431647076172637
1,0,-0.953058193403159,-0.07137883924807259,0.5269888543421796,-0.9995185295785729,-0.8648584914421701
1,0,0.1440374358209459,-0.5430266266097884,-0.42777023433735395,1.1414422172140892,-0.9435059423878827
0,1,-1.4517380248686638,-1.0820526693089085,-0.20573323697002055,-0.2691907981960295,1.1485162527680717
1,0,1.1413970987519555,1.1414297568249383,-0.41111745953480394,0.35108754900558325,0.1418288806629508
0,1,0.09416945267438409,1.1414297568249383,-0.7885803550592706,1.0213883435621647,-0.5817276680376049
1,0,1.1413970987519555,0.6024037141258181,-0.8995988537429374,0.6812357015483766,0.912573899930934
0,1,-0.9031902102566255,-0.8799179032967337,-0.9884136526898707,0.4211189753025398,-1.6985214714667234
1,0,-1.0527941596962826,-0.6104048819471545,-0.10026566322053722,-0.389244671847954,-1.4625791186295858
0,0,1.9392848290967462,2.0173470762110037,-0.12246936295727055,-0.39924916131894794,0.5350661353915137
0,1,-1.5514739911617874,-1.2841874353210452,-0.3112008107195039,0.4311234647735329,1.7462368799554873
0,0,1.1912650818984891,1.3435645228371131,-0.4555248590082706,0.34108305953458934,-1.3367431971164456
1,0,0.293641385260603,1.2761862674997086,-0.6331544569021372,0.4911504015994956,1.8248843309012
1,0,1.2910010481916128,1.0740515014875722,0.5491925540789129,-1.0395364874625477,0.8181969587960789
1,0,-0.40451037879112073,0.4676472034510476,0.005201910528946133,-0.369235692905967,1.0541393116332167
1,0,0.9419251661657366,0.535025458788452,-0.7719275802567206,1.8217475012416646,-0.45589174652446474
0,1,0.6427172672864507,-0.0040005839106682,2.9360902757777465,-2.2200662450398103,1.0698688018223592
1,0,-1.102662142842816,-1.48632220133322,0.3216046317773962,-0.17915039295708515,-1.5254970793861558
1,0,-1.3520020585755685,-0.8799179032967337,0.44372498032942953,-0.8394466980426727,0.330582762932661
0,1,-0.9031902102566255,-1.418943945995854,-0.05585826374707054,-0.3392222244929853,-0.04692500160675938
1,0,-0.30477441249802545,-0.47564837127238396,-0.8218859046643706,0.6612267226063896,1.2114342135246419
0,0,1.0915291156053937,0.7371602248006268,0.07736393467332947,-0.589334461267829,-0.2985968446330396
1,0,-1.3021340754290351,-1.418943945995854,-0.827436829598554,0.771276106787321,0.7552789980395088
0,1,1.4406049976312414,1.613077544186654,0.6657619776967629,-0.6893793559777665,0.6923610372829389
1,0,-1.4018700417221304,-1.014674413971504,3.568895718274647,-2.3501246081627287,0.29912378255437594
0,1,-1.6512099574548829,-1.6210787120079904,0.04405838506822947,-0.5293075244418664,0.6609020569046538
1,0,1.0416611324588603,0.8045384801379929,-0.4388720842057206,0.6912401910193705,1.4159175859834945
0,1,0.9917931493122984,0.8045384801379929,0.10511855934424615,-0.08910998771814158,1.1170572723897867
0,1,0.1939054189674794,0.33289069277627714,-0.21683508683838723,0.3010651016506145,-1.5569560597644407
0,1,-0.6538502945238731,-1.1494309246462746,-1.0550247519000706,0.6612267226063896,-0.5345391974701773
1,0,-1.2023981091359115,-0.9472961586340998,0.20503520815954615,-0.7293973138617413,-0.3929737857678947
1,0,1.7896808796571175,2.084725331548408,-0.744172955585804,-0.169145903486092,-0.7862110404964575
0,1,-0.1053024799118065,-0.4082701159350179,-0.5554415078235706,0.7412626383743393,-0.8019405306856001
0,0,0.2437734021140412,-0.47564837127238396,-0.3778119099297039,0.5211638700124772,1.8091548407120572
1,0,0.8920571830192031,0.535025458788452,0.038507460134046136,0.34108305953458934,-1.2423662559815905
1,0,-0.1053024799118065,-0.4082701159350179,-0.40001560966643723,0.6212087647224147,1.7462368799554873
1,0,1.2910010481916128,1.2761862674997086,-0.4777285587450039,-0.08910998771814158,-0.37724429557875216
0,0,1.7896808796571175,1.613077544186654,-0.3278535855220539,1.0714107909171333,-1.6670624910884384
0,1,0.34350936840713653,1.1414297568249383,3.097067098869063,-2.110016860858879,1.9507202524143399
1,0,0.9419251661657366,0.26551243743887276,-1.4047330227536208,2.2819540169073766,-1.3524726873055881
1,0,-1.0029261765497208,-1.216809179983679,0.4492759052636129,-0.4192581402609357,-1.619874020521011
0,1,1.0915291156053937,0.4676472034510476,0.3438083315141295,-0.6993838454487604,0.912573899930934
1,0,1.839548862803651,2.0173470762110037,0.8600443503931796,-1.1996083189984479,-1.0064239031444528
1,0,0.8920571830192031,0.4002689481136815,0.6158036532891129,-0.8094332296296918,0.28339429236523345
1,0,-0.4543783619376542,-0.8799179032967337,-0.22793693670675388,-0.10911896666012935,1.1485162527680717
1,0,0.5928492841398889,0.26551243743887276,-0.13357121282563722,-0.1591414140150981,-0.8963174718204552
1,0,1.8894168459502128,2.2194818422231783,-0.7386220306516207,1.2114736435110458,0.912573899930934
1,0,1.1413970987519555,0.7371602248006268,0.038507460134046136,-0.6893793559777665,0.7552789980395088
1,0,0.7424532335795461,0.4002689481136815,0.14397503388352947,0.3911055068895581,0.5350661353915137
1,0,-0.5541143282307779,-1.014674413971504,-0.6109507571654039,1.5116083276408583,0.5036071550132286
1,0,0.293641385260603,0.4002689481136815,-0.17242768736492056,-0.5193030349708732,-0.7232930797398875
1,0,0.1440374358209459,-0.2735136052602091,-0.5776452075603039,0.5411728489544643,1.1485162527680717
0,1,0.1440374358209459,-0.13875709458543867,0.4326231304610629,0.08096633328875173,0.7867379784177939
0,1,-1.2522660922824733,-1.014674413971504,-0.7663766553225373,1.0514018119751456,-1.6041445303318682
1,0,-0.4543783619376542,-0.7451613926219632,0.8156369509197129,-1.0395364874625477,0.0002634689606681657
1,0,-0.953058193403159,-1.6210787120079904,-0.28344618604858723,-0.059096519305160605,0.7710084882286514
1,0,1.241133065045051,0.535025458788452,0.2105861330937295,-0.3092087560800043,0.7867379784177939
1,0,-1.5514739911617874,-1.48632220133322,-0.4055665346006206,0.571186317367446,0.7080905274720813
1,0,0.3933773515536983,1.1414297568249383,0.6435582779600295,-0.7794197612167101,-1.5097675891970133
0,1,-0.3546423956445589,0.4676472034510476,-0.9162516285454874,0.8913299804392455,1.7934253505229147
0,1,0.9917931493122984,0.4002689481136815,-0.0003490144052372012,-0.25918630872503556,-0.188490413309042
1,0,-1.2522660922824733,-1.014674413971504,0.9599609992084795,-1.3196621926503727,0.4406891942566586
0,0,-1.4018700417221304,-1.2841874353210452,1.281914645391113,-1.2796442347663979,0.5036071550132286
1,0,-0.2050384462049018,0.6697819694632224,0.1939333582911795,-0.49929405602888544,0.39350072368923106
1,0,-1.0527941596962826,-1.5537004566706243,-1.0328210521633374,1.0714107909171333,-1.4940380990078708
1,0,-0.7037182776704066,-0.13875709458543867,-0.18908046216747057,0.571186317367446,0.5665251157697987
0,0,-0.5042463450842161,-1.216809179983679,0.6824147524993129,-0.959500571694598,-0.8333995110638851
1,0,1.2910010481916128,0.33289069277627714,-0.43332115927153725,0.5411728489544643,-1.6985214714667234
0,1,-0.15517046305836832,0.33289069277627714,0.30495185697484617,-0.45927609814491055,0.40923021387837355
1,0,-0.7037182776704066,-0.13875709458543867,-0.23348786164093724,0.16100224905670216,0.15755837085209332
1,0,-1.0527941596962826,-0.13875709458543867,2.55862738025328,-1.869909113555029,-1.2423662559815905
0,1,-0.6039823113773113,-0.20613534992284305,-0.8163349797301873,0.8713210014972584,0.39350072368923106
1,0,0.6427172672864507,0.19813418210150666,-1.2548580495306707,1.561630774995827,0.29912378255437594
1,0,1.839548862803651,1.815212310198829,2.4975672059772633,-1.7598597293740978,0.912573899930934
1,0,-0.9031902102566255,-1.6210787120079904,-0.9495571781505874,1.181460175098064,-1.619874020521011
1,0,0.2437734021140412,0.7371602248006268,0.04405838506822947,-0.2791952876670227,-1.5884150401427257
0,0,-0.40451037879112073,0.4002689481136815,0.9155535997350129,-0.9394915927526102,0.8181969587960789
1,0,-1.102662142842816,-0.6777831372845589,-1.1049830763077206,1.6916891381187453,-1.6041445303318682
1,0,-0.9031902102566255,-1.5537004566706243,-0.20018231203583722,-0.169145903486092,-0.33005582501132463
0,1,-0.30477441249802545,-0.6104048819471545,-0.677561856375604,0.7312581489033454,-0.770481550307315
1,0,0.34350936840713653,1.2088080121623426,-0.5332378080868373,0.37109652794757103,1.7147778995772023
1,0,-1.1525301259893779,-0.20613534992284305,-0.22793693670675388,0.10097531223073951,1.0698688018223592
0,0,1.2910010481916128,0.26551243743887276,-0.7219692558490707,1.3315275171629704,-0.8805879816313127
0,0,1.3408690313381462,0.535025458788452,-1.4657931970296374,1.5016038381698644,-1.3052842167381606
1,0,0.9419251661657366,0.535025458788452,0.005201910528946133,-0.2391773297830478,-0.3929737857678947
0,1,1.4904729807778032,1.613077544186654,-0.07251103854962054,-0.389244671847954,0.5350661353915137
1,0,0.9917931493122984,0.26551243743887276,-0.5054831834159206,0.34108305953458934,0.9283033901200766
1,0,-0.3546423956445589,-0.6777831372845589,-0.15577491256237055,0.7812805962583141,0.6294430765263688
1,0,0.7923212167261079,0.4002689481136815,-0.18352953723328722,0.34108305953458934,1.7934253505229147
1,0,1.390737014484708,1.545699288849288,-0.2501406364434872,-0.2491818192540417,1.4159175859834945
1,0,0.293641385260603,-0.4082701159350179,5.311886147608213,-2.6502592922925414,0.04745193952809571
1,0,-0.30477441249802545,-0.47564837127238396,0.3160537068432128,-0.8194377191006853,-1.0693418639010228
1,0,-0.6538502945238731,-0.20613534992284305,0.7101693771702295,-0.959500571694598,-0.25140837406561206
1,0,1.2910010481916128,1.545699288849288,-0.02810363907615387,-0.5693254823258419,-1.2109072756033055
1,0,-0.8034542439635303,-0.2735136052602091,-0.3445063603246039,-0.4392671192029228,-0.10984296236332944
1,0,1.1413970987519555,1.0740515014875722,0.699067527301863,-0.5693254823258419,0.4878776648240861
1,0,1.7896808796571175,1.613077544186654,-0.6720109314414207,0.601199785780427,0.31485327274351843
1,0,-1.2522660922824733,-0.7451613926219632,1.0543267230895963,-1.189603829527454,1.2743521742812118
0,0,0.2437734021140412,0.535025458788452,0.5103360795396296,-0.9494960822236042,0.3777712335000885
0,0,0.3933773515536983,0.6024037141258181,-0.6331544569021372,0.401109996360552,-1.1794482952250205
1,0,1.4406049976312414,1.613077544186654,0.06071115987077948,-0.3092087560800043,1.3529996252269245
0,1,-0.5541143282307779,-0.8799179032967337,-0.760825730388354,0.9813703856781891,0.9283033901200766
1,0,1.839548862803651,1.7478340548614628,-0.794131279993454,0.41111448583154586,0.4406891942566586
1,0,-0.6538502945238731,0.06337767142673618,-0.7663766553225373,0.5311683594834704,-0.644645628794175
1,0,-0.6538502945238731,-0.13875709458543867,-0.3889137597980706,-0.1591414140150981,-0.7232930797398875
1,0,-0.0055665136187112016,0.33289069277627714,0.3715629561850462,-0.6493613980937917,0.42495970406751604
0,0,1.390737014484708,1.6804557995240583,-0.6498072317046872,0.6112042752514208,-1.6356035107101534
0,1,1.4406049976312414,1.613077544186654,-1.1382886259128207,1.0914197698591206,-1.619874020521011
0,1,-1.3520020585755685,-0.8125396479593293,-0.511034108350104,1.7417115854737142,0.40923021387837355
1,0,0.49311331784679363,1.0066732461501677,-0.5276868831526539,-0.019078561421185754,1.400188095794352
0,1,-1.6512099574548829,-1.48632220133322,0.7379240018411463,-0.759410782274723,0.07891091990638074
1,0,0.34350936840713653,0.7371602248006268,4.984381576491397,-2.6202458238795603,0.8653854293635065
1,0,-0.8034542439635303,-0.5430266266097884,-0.6331544569021372,0.5511773384254582,-1.5254970793861558
1,0,-1.2023981091359115,-1.1494309246462746,0.6602110527625795,-0.5693254823258419,-0.770481550307315
0,1,-1.2023981091359115,-0.47564837127238396,-0.05585826374707054,0.1910157174696831,-1.651333000899296
1,0,0.8920571830192031,0.6024037141258181,-0.10026566322053722,-0.0691010087761545,1.400188095794352
0,0,-1.7010779406014163,-1.7558352226827991,-1.143839550847004,1.0213883435621647,1.0855982920115017
1,0,1.241133065045051,0.19813418210150666,0.055160234936596136,0.09097082275974562,0.975491860687504
0,1,1.0416611324588603,0.6697819694632224,0.1939333582911795,-0.589334461267829,1.6833189191989173
1,0,-0.6538502945238731,0.06337767142673618,-0.5887470574286706,1.4615858802858894,-0.6603751189833175
0,1,0.8421891998726413,0.06337767142673618,1.132039672168163,-1.269639745295404,1.6046714682532046
1,0,1.3408690313381462,0.4002689481136815,0.8156369509197129,-1.3696846400053415,-1.5569560597644407
0,1,0.9917931493122984,0.4002689481136815,0.46592868006616284,-0.5693254823258419,-1.5569560597644407
1,0,-1.5514739911617874,-1.3515656906584494,0.6602110527625795,0.10097531223073951,-0.5345391974701773
1,0,0.09416945267438409,-0.13875709458543867,-0.6720109314414207,0.9313479383232204,-1.446849628440443
0,0,0.293641385260603,0.26551243743887276,-0.16132583749655388,0.28105612270862673,0.2519353119869484
1,0,-0.30477441249802545,-0.8799179032967337,-0.07806196348380388,-0.09911447718913546,-0.2828673544438971
1,0,-0.5042463450842161,-0.9472961586340998,0.6768638275651295,-0.7794197612167101,-0.031195511417616863
0,1,0.6427172672864507,0.4676472034510476,-0.03920548894452054,0.07096184381775855,1.1013277822006442
0,1,-0.8533222271100637,-0.7451613926219632,-0.827436829598554,0.9713658962071959,-1.3367431971164456
0,1,-1.2023981091359115,-1.1494309246462746,0.15507688375189616,-0.5393120139128602,-0.5817276680376049
0,1,-0.953058193403159,-1.6210787120079904,1.248609095786013,-1.2296217874114292,-1.3367431971164456
1,0,1.9392848290967462,2.2868600975605444,-0.5387887330210206,0.8513120225552707,1.0384098214440742
1,0,0.4432453347002318,0.535025458788452,-0.2556915613776706,0.5811908068384392,-0.8019405306856001
0,0,1.6899449133639939,1.2088080121623426,0.8544934254589962,-1.1695948505854665,1.0541393116332167
1,0,0.1440374358209459,1.1414297568249383,0.9322063745375629,-0.6393569086227977,0.7867379784177939
0,1,-0.8533222271100637,-0.2735136052602091,-0.044756413878703875,0.01093490699179592,-0.42443276614617975
1,0,0.6427172672864507,0.7371602248006268,-0.4721776338108206,0.03094388593378299,1.3058111546594968
1,0,-1.3520020585755685,-1.1494309246462746,0.28274815723811286,-0.4492716086739167,-0.770481550307315
0,1,0.1939054189674794,-0.4082701159350179,-0.9828627277556873,0.2110246964116709,1.1642457429572142
0,1,1.241133065045051,0.13075592676410228,1.1764470716416295,-0.9494960822236042,-0.2828673544438971
0,0,0.1939054189674794,-0.20613534992284305,-0.21683508683838723,-0.4792850770868976,0.06318142971723822
1,0,-1.3520020585755685,-1.418943945995854,0.49368330473707955,-0.9795095506365854,-0.44016225633532224
0,1,0.8920571830192031,0.535025458788452,0.8433915755906296,-0.6593658875647855,-0.7232930797398875
1,0,0.1440374358209459,-0.5430266266097884,0.18283150842281282,-0.7994287401586979,1.0226803312549315
0,1,0.8421891998726413,-0.0040005839106682,-0.8218859046643706,1.0614063014461395,1.368729115416067
0,1,-1.1525301259893779,-0.7451613926219632,-1.177145100452104,2.371994422146321,-1.3682021774947306
1,0,1.1912650818984891,1.2088080121623426,0.7434749267753296,-0.9895140401075789,1.6046714682532046
0,0,-0.6039823113773113,-0.13875709458543867,-0.5665433576919373,0.8212985541422897,0.881114919552649
1,0,-1.4517380248686638,-1.0820526693089085,-0.39446468473225393,0.44112795424452683,1.400188095794352
0,1,0.5429813009933554,0.4002689481136815,-0.33340451045623726,0.11097980170173341,-0.5659981778484624
1,0,0.34350936840713653,0.4002689481136815,-1.393631172885254,0.7212536594323522,1.6990484093880598
1,0,-1.0029261765497208,-0.7451613926219632,0.3771138811192295,-0.2291728403120539,-0.9277764521987402
0,0,-0.6538502945238731,-1.0820526693089085,0.11622040921261281,-0.6693703770357794,-0.8648584914421701
1,0,-0.3546423956445589,-0.6104048819471545,0.0662620848049628,-0.08910998771814158,0.6137135863372263
0,1,1.6899449133639939,1.815212310198829,-1.010617352426604,1.5316173065828453,-1.2109072756033055
1,0,-2.249625755213483,-2.6991307974062306,0.4548268301977962,-1.0495409769335415,1.0698688018223592
1,0,1.6899449133639939,1.0066732461501677,-0.694214631178154,0.48114591212850166,-0.5817276680376049
0,1,0.9419251661657366,-0.20613534992284305,0.16062780868607948,-0.2491818192540417,0.42495970406751604
1,0,0.4432453347002318,0.26551243743887276,-0.5221359582184706,0.17100673852769604,1.1327867625789292
1,0,0.293641385260603,0.6697819694632224,0.021854685331496135,-0.5293075244418664,-0.2985968446330396
0,1,-1.5514739911617874,-1.48632220133322,-0.8163349797301873,0.3911055068895581,-1.6985214714667234
0,1,0.4432453347002318,0.535025458788452,2.49201628104308,-2.029980945090929,0.4406891942566586
0,0,-0.2549064293514636,-0.6104048819471545,0.0496093100024128,0.4311234647735329,-1.0693418639010228
1,0,1.241133065045051,0.9392949908127634,1.2208544711150964,-1.5397609610122351,0.2519353119869484
0,1,-0.5042463450842161,-0.0040005839106682,0.7101693771702295,-0.9995185295785729,-0.8648584914421701
1,0,-0.6538502945238731,-0.5430266266097884,0.2605444575013795,-0.8594556769846605,1.1327867625789292
1,0,0.49311331784679363,0.6697819694632224,-0.5665433576919373,1.601648732879802,-1.1794482952250205
1,0,0.04430146952785062,-0.47564837127238396,0.17172965855444616,-0.3192132455509982,1.2743521742812118
1,0,1.1912650818984891,0.06337767142673618,-0.6276035319679539,0.6812357015483766,-0.20421990349818453
1,0,1.6400769302174603,1.0740515014875722,-1.1216358511102706,1.6816846486477515,1.2428931939029269
1,0,-1.102662142842816,-1.7558352226827991,-0.6720109314414207,0.1209842911727273,0.7395495078503663
1,0,0.4432453347002318,0.6697819694632224,-1.2382052747281207,1.6516711802347706,0.18901735123037833
1,0,-0.5541143282307779,0.4002689481136815,-0.977311802821504,1.2614960908660144,1.2900816644703543
1,0,1.0416611324588603,0.06337767142673618,1.1875489215099964,-1.1095679137595043,1.0698688018223592
0,0,0.2437734021140412,0.33289069277627714,-0.7552748054541706,0.771276106787321,-1.3210137069273031
0,1,1.6400769302174603,1.2088080121623426,0.2438916826988295,-0.6693703770357794,-0.5659981778484624
0,1,0.7424532335795461,0.4676472034510476,-0.4388720842057206,-0.13913243507311032,-1.4783086088187283
0,1,0.2437734021140412,-0.20613534992284305,-1.0994321513735374,1.0914197698591206,0.4564186844458011
0,1,-1.3021340754290351,-0.9472961586340998,-0.5831961324944873,0.44112795424452683,1.3372701350377818
0,0,-1.601341974308321,-1.3515656906584494,-0.4777285587450039,1.1014242593301145,-1.3210137069273031
1,0,-1.2023981091359115,-1.1494309246462746,0.3105027819090295,-0.5693254823258419,-1.0536123737118803
1,0,-0.40451037879112073,-1.014674413971504,-0.9384553282822207,1.2414871119240267,-0.73902256992903
1,0,0.8421891998726413,0.6697819694632224,0.038507460134046136,0.3010651016506145,-1.3367431971164456
0,0,0.1440374358209459,-0.07137883924807259,-0.744172955585804,1.2114736435110458,1.5260240173074922
0,0,-0.6039823113773113,0.33289069277627714,-1.360325623280154,1.581639753937814,1.4788355467400645
0,0,-0.7037182776704066,-0.3408918605976135,-0.08916381335217055,-0.5793299717968351,0.17328786104123584
0,1,1.2910010481916128,0.6697819694632224,0.0163037603973128,-0.029083050892178934,0.5193366452023711
0,1,-0.5042463450842161,0.06337767142673618,0.2994009320406628,-0.45927609814491055,-1.619874020521011
1,0,1.1912650818984891,1.2761862674997086,-1.3825293230168874,3.0022772588189266,0.4878776648240861
0,0,-1.5016060080152256,-1.418943945995854,1.7037849403890464,-1.269639745295404,1.1170572723897867
1,0,-0.7037182776704066,-0.7451613926219632,-1.177145100452104,1.8817744380676265,-1.5569560597644407
0,1,-1.0527941596962826,-0.8799179032967337,1.1764470716416295,-1.3396711715923602,0.04745193952809571
0,1,-0.8533222271100637,-0.6777831372845589,-0.18908046216747057,0.13098878064372046,-0.23567888387646954
0,1,0.6427172672864507,0.6697819694632224,-0.760825730388354,0.7512671278453332,1.400188095794352
0,1,0.293641385260603,-0.3408918605976135,0.06071115987077948,0.02093939646278981,-0.188490413309042
1,0,-0.8034542439635303,-0.3408918605976135,0.0329565351998628,-0.3392222244929853,0.1418288806629508
0,1,0.3933773515536983,0.535025458788452,0.055160234936596136,-0.4492716086739167,-0.45589174652446474
1,0,0.04430146952785062,-0.6104048819471545,-0.7719275802567206,0.6712312120773835,-0.4873507269027498
1,0,0.49311331784679363,0.4676472034510476,-0.8218859046643706,0.5011548910704895,0.2362058217978059
1,0,-1.750945923747978,-1.6884569673453949,0.14952595881771283,-0.4892895665578915,1.5417535074966346
1,0,0.2437734021140412,1.3435645228371131,-0.33895543539042056,-0.09911447718913546,0.7080905274720813
1,0,-1.4517380248686638,-1.3515656906584494,-0.40001560966643723,0.28105612270862673,0.9597623704983616
0,0,0.09416945267438409,-0.20613534992284305,-0.3112008107195039,0.38110101741856417,0.0002634689606681657
0,1,1.6400769302174603,1.7478340548614628,-0.7885803550592706,0.7112491699613583,0.4564186844458011
0,0,-1.601341974308321,-1.3515656906584494,-1.2659598993990373,1.8617654591256394,-1.3996611578730156
0,1,0.6925852504329842,0.4002689481136815,-0.4444230091399039,-0.49929405602888544,-0.33005582501132463
1,0,-0.40451037879112073,0.19813418210150666,-1.0383719770975206,0.8913299804392455,2.045097193549195
0,1,-1.4018700417221304,-0.9472961586340998,-0.14467306269400387,-0.09911447718913546,-0.4716212367136073
1,0,0.5429813009933554,0.7371602248006268,-0.844089604401104,1.3115185382209833,1.2586226840920693
1,0,0.8421891998726413,0.19813418210150666,-0.7885803550592706,0.4611369331865146,-0.8019405306856001
1,0,1.6400769302174603,1.1414297568249383,-0.17242768736492056,-0.4492716086739167,1.7147778995772023
1,0,0.9419251661657366,0.26551243743887276,0.3549101813824962,-0.2391773297830478,-0.6131866484158899
1,0,0.9419251661657366,0.535025458788452,-0.11136751308890389,-0.09911447718913546,-0.2828673544438971
0,1,1.1413970987519555,0.06337767142673618,1.065428572957963,-0.6593658875647855,0.06318142971723822
1,0,0.7424532335795461,0.6024037141258181,1.9535765624272965,-1.6798238136061479,0.22047633160866337
1,0,1.1413970987519555,1.2088080121623426,-0.944006253216404,1.6216577118217896,1.5732124878749196
1,0,0.3933773515536983,1.545699288849288,-0.5776452075603039,0.48114591212850166,0.40923021387837355
0,1,-0.6039823113773113,-0.20613534992284305,-0.4777285587450039,0.771276106787321,-0.10984296236332944
0,1,0.2437734021140412,0.9392949908127634,-1.2604089744648541,1.1414422172140892,-0.7547520601181725
1,0,-1.4517380248686638,-1.48632220133322,-0.3445063603246039,-0.3392222244929853,1.0855982920115017
1,0,0.3933773515536983,0.6024037141258181,-1.2659598993990373,1.581639753937814,0.15755837085209332
1,0,0.04430146952785062,-0.2735136052602091,0.6102527283549295,-0.6393569086227977,0.9440328803092191
0,1,-1.3520020585755685,-1.0820526693089085,0.699067527301863,-1.1095679137595043,-1.4311201382513006
1,0,-1.1525301259893779,-0.4082701159350179,-0.8163349797301873,0.41111448583154586,0.5036071550132286
1,0,1.6400769302174603,1.4783210335118835,-0.4555248590082706,0.07096184381775855,-0.9435059423878827
0,1,0.4432453347002318,1.4109427781745174,1.731539565059963,-1.6998327925481354,0.7552789980395088
1,0,1.1413970987519555,0.535025458788452,-0.15577491256237055,0.8112940646712958,-1.3210137069273031
1,0,-0.8034542439635303,-0.6777831372845589,-0.3611591351271539,1.2715005803370083,-0.20421990349818453
0,0,-0.6538502945238731,-0.2735136052602091,1.198650771378363,-1.3096577031793792,-0.5502686876593198
0,0,1.0416611324588603,0.06337767142673618,0.42152128059269617,-1.0095230190495668,1.0698688018223592
1,0,-0.3546423956445589,-0.9472961586340998,-0.8607423792036539,1.361540985575952,1.7305073897663448
1,0,-0.5541143282307779,0.06337767142673618,0.26609538243556285,-0.9795095506365854,0.849655939174364
0,1,1.241133065045051,1.3435645228371131,0.5713962538156462,-1.0895589348175165,-0.9749649227661678
1,0,1.0915291156053937,0.6024037141258181,-0.18352953723328722,-0.5993389507388229,-0.9277764521987402
0,1,-1.3021340754290351,-1.014674413971504,-0.7053164810465207,0.5511773384254582,-0.9277764521987402
0,1,2.03902079538987,2.354238352897949,-0.3833628348638872,0.5811908068384392,-0.3615148053896097
0,1,-0.15517046305836832,0.19813418210150666,0.6768638275651295,-0.5493165033838542,-1.6041445303318682
1,0,-0.8533222271100637,-1.418943945995854,-0.5776452075603039,-0.009074071950191864,0.5507956255806562
0,0,-0.6538502945238731,-0.20613534992284305,0.8766971251957296,-1.0195275085205602,-0.5345391974701773
1,0,-0.8034542439635303,-0.8799179032967337,-0.08916381335217055,-0.389244671847954,0.28339429236523345
1,0,1.839548862803651,1.7478340548614628,0.9044517498666462,-1.0895589348175165,0.5193366452023711
0,0,-0.15517046305836832,-0.5430266266097884,0.08291485960751281,0.16100224905670216,-0.7232930797398875
1,0,1.6400769302174603,1.2088080121623426,1.681581240652313,-1.549765450483229,-0.644645628794175
1,0,-0.8533222271100637,-1.0820526693089085,-0.727520180783254,0.31106959112160837,1.0855982920115017
0,1,-1.0527941596962826,-0.6104048819471545,0.10511855934424615,-0.07910549824714767,-0.770481550307315
1,0,-0.4543783619376542,-1.0820526693089085,-0.6276035319679539,0.791285085729308,-0.644645628794175
1,0,-0.40451037879112073,0.06337767142673618,-0.02810363907615387,-0.2291728403120539,-1.5412265695752982
1,0,-1.3520020585755685,-1.216809179983679,-0.794131279993454,1.2715005803370083,1.6361304486314896
0,0,-0.5541143282307779,-0.8799179032967337,-0.21683508683838723,0.16100224905670216,1.2428931939029269
1,0,1.7896808796571175,1.6804557995240583,0.948859149340113,-0.8594556769846605,1.1327867625789292
1,0,-0.6538502945238731,-0.2735136052602091,-0.5387887330210206,1.561630774995827,1.3529996252269245
0,0,-0.3546423956445589,-0.7451613926219632,-0.6109507571654039,0.3010651016506145,-0.188490413309042
1,0,1.1413970987519555,0.6697819694632224,-0.5165850332842873,-0.2391773297830478,-0.5188097072810348
1,0,-0.5042463450842161,-0.0040005839106682,-0.993964577624054,0.8112940646712958,-1.1165303344684503
1,0,0.2437734021140412,0.9392949908127634,-0.5221359582184706,0.15099775958570827,-0.6603751189833175
0,1,-1.4018700417221304,-1.1494309246462746,0.3604611063166795,-0.059096519305160605,-1.5569560597644407
1,0,1.6899449133639939,1.545699288849288,0.7823314013146129,-0.9394915927526102,-0.644645628794175
1,0,-0.5042463450842161,-1.2841874353210452,-1.6489737198576875,2.0918687169584955,0.1418288806629508
1,0,-2.0501538226272924,-2.227483010044515,0.04405838506822947,0.09097082275974562,-0.015466021228474349
1,0,0.5928492841398889,0.19813418210150666,0.0496093100024128,-0.13913243507311032,-0.770481550307315
1,0,-0.7037182776704066,-0.4082701159350179,0.8822480501299129,-0.6793748665067726,0.6137135863372263
1,0,-1.3021340754290351,-0.8125396479593293,-1.0328210521633374,0.9413524277942142,1.2586226840920693
1,0,-1.5016060080152256,-1.48632220133322,-0.794131279993454,1.001379364620177,-0.188490413309042
1,0,-0.2549064293514636,-0.0040005839106682,-0.20573323697002055,-0.1491369245441042,-0.8805879816313127
1,0,-1.4018700417221304,-1.418943945995854,-1.1826960253862873,3.5425196902525897,1.006950841065789
1,0,1.0416611324588603,0.4676472034510476,-1.1882469503204707,0.5111593805414834,1.5732124878749196
1,0,-1.3520020585755685,-1.48632220133322,-0.8551914542694706,0.44112795424452683,0.9597623704983616
0,1,-0.3546423956445589,-0.6104048819471545,0.9100026748008296,-0.869460166455654,0.18901735123037833
1,0,0.9917931493122984,0.535025458788452,-0.8662933041378373,1.0313928330331579,1.9349907622251974
1,0,-1.0029261765497208,-0.9472961586340998,-1.2548580495306707,1.0814152803881265,0.975491860687504
1,0,-1.3021340754290351,-1.0820526693089085,0.18838243335699617,-0.5493165033838542,1.5260240173074922
1,0,-0.6039823113773113,-0.9472961586340998,-0.15577491256237055,-0.389244671847954,0.7710084882286514
0,0,-0.6039823113773113,-0.9472961586340998,-0.08361288841798721,-0.2291728403120539,0.975491860687504
0,1,1.6899449133639939,1.9499688208735992,-0.6498072317046872,-0.009074071950191864,-0.7075635895507449
0,0,-1.0527941596962826,-0.7451613926219632,-0.6831127813097873,-0.03908754036317282,-0.9906944129553102
1,0,-0.7037182776704066,-0.2735136052602091,-0.6442563067705039,0.27105163323763354,-0.4087032759570372
0,0,-1.5016060080152256,-1.0820526693089085,-1.2992654490041373,1.4615858802858894,0.9440328803092191
0,1,0.2437734021140412,-0.4082701159350179,0.6435582779600295,-0.7894242506877039,-1.1165303344684503
1,0,-0.1053024799118065,-0.2735136052602091,-0.9162516285454874,1.161451196156077,0.4564186844458011
0,0,0.4432453347002318,1.3435645228371131,3.27469669676293,-2.2200662450398103,1.0226803312549315
1,0,-1.4517380248686638,-1.48632220133322,0.5380907042105462,-0.9695050611655915,-0.2828673544438971
0,1,-0.1053024799118065,-0.4082701159350179,-0.7663766553225373,0.8112940646712958,0.5507956255806562
0,1,1.1912650818984891,1.2088080121623426,-0.0003490144052372012,-0.009074071950191864,-0.10984296236332944
1,0,-0.0055665136187112016,0.13075592676410228,0.7545767766436963,-1.0295319979915543,-0.6918340993616025
0,1,-2.100021805773826,-2.3622395207192852,0.5658453288814629,-0.7794197612167101,-0.10984296236332944
0,1,-1.3021340754290351,-1.014674413971504,0.5491925540789129,-0.7794197612167101,-0.37724429557875216
0,0,-0.40451037879112073,-0.8125396479593293,-0.5498905828893873,-0.08910998771814158,1.2586226840920693
0,1,-0.055434496765273025,-0.3408918605976135,2.9194375009751967,-2.1900527766268287,-0.7232930797398875
1,0,-0.3546423956445589,-0.8799179032967337,-0.017001789207787204,-0.10911896666012935,-0.21994939368732705
1,0,0.8421891998726413,0.6024037141258181,0.38266480605341285,-0.6993838454487604,0.8181969587960789
1,0,-0.8533222271100637,0.06337767142673618,-0.727520180783254,0.5311683594834704,-0.4716212367136073
1,0,1.1413970987519555,1.0740515014875722,1.3596275944696796,-1.3596801505343479,-0.45589174652446474
1,0,0.49311331784679363,0.6024037141258181,0.16062780868607948,-0.17915039295708515,1.006950841065789
1,0,0.1939054189674794,-0.3408918605976135,-0.07806196348380388,1.1314377277430954,-1.6356035107101534
0,0,1.0915291156053937,1.0066732461501677,-0.31675173565368725,0.2610471437666396,-1.446849628440443
1,0,-1.3021340754290351,-1.0820526693089085,-1.0883303015051706,0.0009304175208020274,-0.73902256992903
1,0,-0.2050384462049018,0.13075592676410228,-0.3889137597980706,0.7012446804903645,-1.4625791186295858
0,0,0.1440374358209459,-0.07137883924807259,0.7656786265120629,-0.9895140401075789,0.34631225312180347
1,0,1.989152812243308,2.152103586885774,-1.2493071245964873,0.7112491699613583,0.5665251157697987
1,0,1.7398128965105557,1.815212310198829,-0.810784054796004,0.9313479383232204,-0.4087032759570372
1,0,0.7424532335795461,0.33289069277627714,0.5380907042105462,-1.1295768927014918,-0.031195511417616863
0,1,-1.3520020585755685,-1.1494309246462746,0.02740561026567947,0.17100673852769604,-1.6041445303318682
1,0,0.2437734021140412,0.6697819694632224,1.2208544711150964,-1.1695948505854665,-1.4940380990078708
1,0,1.1912650818984891,1.0066732461501677,0.28274815723811286,-0.009074071950191864,-0.7862110404964575
0,1,1.839548862803651,1.9499688208735992,-0.7386220306516207,0.1910157174696831,-0.9435059423878827
1,0,1.0416611324588603,0.4676472034510476,-1.2493071245964873,1.2815050698080015,-1.5726855499535832
1,0,-1.0527941596962826,-1.8232134780201652,1.581664591837013,-1.3696846400053415,-1.619874020521011
1,0,-0.40451037879112073,0.33289069277627714,-0.8218859046643706,0.5811908068384392,-1.1008008442793078
0,1,0.4432453347002318,1.0066732461501677,1.648275691047213,-1.8198866662000601,-1.5097675891970133
0,1,1.6400769302174603,1.0066732461501677,-0.8607423792036539,1.4815948592278765,-0.9435059423878827
0,1,0.09416945267438409,-0.20613534992284305,-1.9764782909745042,2.141891164313464,0.975491860687504
0,1,-1.0527941596962826,-0.0040005839106682,-0.5554415078235706,0.17100673852769604,1.2114342135246419
0,1,1.4406049976312414,0.8045384801379929,-0.40001560966643723,-0.2291728403120539,-0.5502686876593198
1,0,1.241133065045051,1.2088080121623426,-1.1327377009786372,1.2715005803370083,0.42495970406751604
0,1,-0.1053024799118065,0.7371602248006268,-0.22793693670675388,-0.18915488242807907,1.0698688018223592
1,0,-0.40451037879112073,-0.9472961586340998,-0.8773951540062039,1.001379364620177,1.3372701350377818
1,0,-1.0527941596962826,-1.3515656906584494,2.3032848332808467,-1.8899180924970163,-1.0378828835227378
0,1,-2.349361721506578,-2.8338873080810014,0.2771972323039295,-0.37924018237696017,1.1957047233354994
1,0,-0.40451037879112073,0.4002689481136815,-0.22793693670675388,0.11097980170173341,-0.31432633482218214
0,1,-1.4018700417221304,-0.8125396479593293,-0.30009896085113724,0.791285085729308,0.5507956255806562
1,0,1.6400769302174603,0.8045384801379929,1.2430581708518296,-1.269639745295404,-1.2738252363598754
1,0,0.7424532335795461,0.4002689481136815,-0.8773951540062039,1.0714107909171333,1.5417535074966346
1,0,-1.0527941596962826,-0.6777831372845589,-0.061409188681253876,-0.2491818192540417,-0.8491290012530276
1,0,0.34350936840713653,0.26551243743887276,-0.960659028018954,1.2614960908660144,1.5260240173074922
1,0,0.1440374358209459,-0.6104048819471545,-0.9495571781505874,0.601199785780427,0.9912213508766465
1,0,-0.7535862608169684,-0.47564837127238396,0.5047851546054462,-0.6693703770357794,0.12609939047380828
0,1,-0.9031902102566255,-0.7451613926219632,-0.694214631178154,0.4311234647735329,-0.6289161386050324
0,0,-1.3520020585755685,-0.8125396479593293,0.13842410894934615,-0.19915937189907296,1.3058111546594968
1,0,-1.2522660922824733,-1.1494309246462746,5.6893490431326805,-2.7202907185894976,0.29912378255437594
0,1,0.3933773515536983,0.26551243743887276,-1.393631172885254,2.4020078905593016,-1.651333000899296
1,0,0.9917931493122984,-0.07137883924807259,-1.2826126742015873,1.761720564415702,1.400188095794352
1,0,1.9392848290967462,1.815212310198829,0.34935925644831284,-0.6093434402098168,0.8968444097417915
0,1,0.4432453347002318,-0.0040005839106682,-0.6831127813097873,0.6612267226063896,1.463106056550922
0,1,0.09416945267438409,0.19813418210150666,-0.33895543539042056,-0.18915488242807907,-0.9906944129553102
0,0,-1.5514739911617874,-1.48632220133322,-1.077228451636804,1.4515813908148956,1.006950841065789
0,1,-0.2549064293514636,-0.47564837127238396,-0.18352953723328722,0.15099775958570827,-0.4873507269027498
1,0,-1.3021340754290351,-1.0820526693089085,-1.0994321513735374,1.2214781329820397,-0.9277764521987402
0,0,1.0416611324588603,0.6697819694632224,1.0543267230895963,-1.389693618947329,1.6046714682532046
1,0,-1.0527941596962826,-0.07137883924807259,0.0163037603973128,-0.6193479296808106,-1.1794482952250205
1,0,-0.3546423956445589,-0.8125396479593293,1.2930164952594796,-1.4797340241862729,-0.2985968446330396
1,0,0.4432453347002318,0.26551243743887276,2.67519680387113,-2.1200213503298726,-1.226636765792448
0,1,1.0915291156053937,1.0066732461501677,1.082081347760513,-1.4997430031282604,0.12609939047380828
1,0,1.1912650818984891,1.3435645228371131,-1.2992654490041373,0.9113389593812333,-1.446849628440443
1,0,1.0915291156053937,1.0740515014875722,0.6602110527625795,-0.8594556769846605,-0.2985968446330396
1,0,-1.3021340754290351,-1.014674413971504,-0.2112841619042039,0.4911504015994956,-1.383931667683873
1,0,0.1939054189674794,1.2088080121623426,0.2771972323039295,0.20102020694067702,1.463106056550922
0,1,-1.3520020585755685,-1.014674413971504,-0.08361288841798721,0.9313479383232204,1.0698688018223592
1,0,1.0915291156053937,1.0066732461501677,0.0496093100024128,-0.759410782274723,-0.42443276614617975
1,0,1.241133065045051,0.19813418210150666,-0.08916381335217055,-0.39924916131894794,-0.5659981778484624
0,1,-0.2549064293514636,-0.5430266266097884,0.28274815723811286,-0.4092536507899418,-1.3524726873055881
0,1,-0.5042463450842161,0.26551243743887276,-0.8052331298618206,0.5211638700124772,0.22047633160866337
1,0,-0.5541143282307779,-0.0040005839106682,-0.31675173565368725,0.11097980170173341,-0.4087032759570372
1,0,0.9419251661657366,0.535025458788452,-0.6220526070337706,0.771276106787321,-0.25140837406561206
0,1,1.1413970987519555,0.6024037141258181,1.2375072459176464,-1.549765450483229,-0.5502686876593198
0,1,0.9419251661657366,0.33289069277627714,0.28274815723811286,0.03094388593378299,0.34631225312180347
0,1,0.6427172672864507,0.6697819694632224,-0.4222193094031706,1.0213883435621647,1.6675894290097748
1,0,-0.8034542439635303,-0.7451613926219632,0.5491925540789129,-0.759410782274723,0.01599295914981068
1,0,-0.3546423956445589,-0.9472961586340998,-0.7552748054541706,1.0614063014461395,1.2743521742812118
1,0,0.8421891998726413,0.7371602248006268,-0.46662670887663726,-0.019078561421185754,0.15755837085209332
1,0,0.9917931493122984,0.6697819694632224,0.14952595881771283,-0.21916835084106073,1.7305073897663448
1,0,0.3933773515536983,1.3435645228371131,-0.9162516285454874,1.0213883435621647,0.7238200176612238
1,0,-1.9504178563341688,-1.9579699886949358,0.6213545782232962,-0.42926262973192886,0.9283033901200766
1,0,1.1413970987519555,1.2088080121623426,0.1939333582911795,0.28105612270862673,1.6833189191989173
0,1,-0.5042463450842161,-0.8799179032967337,0.4492759052636129,-0.45927609814491055,1.431647076172637
1,0,0.7424532335795461,0.4002689481136815,-0.3223026605878706,0.6812357015483766,-1.383931667683873
1,0,1.8894168459502128,1.815212310198829,0.3160537068432128,-0.3392222244929853,0.40923021387837355
0,1,0.09416945267438409,0.9392949908127634,-0.4943813335475539,-0.1491369245441042,-0.6289161386050324
0,1,1.7896808796571175,1.8825905655362332,6.216686911880097,-2.8603535711834103,-1.289554726549018
0,1,0.1440374358209459,-0.2735136052602091,-0.08361288841798721,-0.1591414140150981,-0.8491290012530276
0,0,1.8894168459502128,1.6804557995240583,1.1597942968390795,-1.4897385136572663,1.0541393116332167
1,0,-0.8533222271100637,-0.4082701159350179,0.038507460134046136,-0.389244671847954,-0.21994939368732705
0,0,-0.953058193403159,-1.0820526693089085,-0.13357121282563722,0.38110101741856417,-1.6041445303318682
1,0,-0.8034542439635303,-0.7451613926219632,0.9266554496033795,-1.0495409769335415,-0.015466021228474349
1,0,1.839548862803651,1.4109427781745174,-0.977311802821504,1.181460175098064,-0.2828673544438971
1,0,-1.2023981091359115,-1.1494309246462746,0.4326231304610629,-0.8294422085716792,-1.0850713540901653
0,1,-2.2994937383600447,-2.766509052743635,-0.11691843802308721,0.060957354346764664,1.1013277822006442
1,0,-1.4018700417221304,-1.2841874353210452,-0.5165850332842873,-0.1491369245441042,0.881114919552649
1,0,-0.5042463450842161,0.26551243743887276,-0.8718442290720206,1.3015140487499894,-0.2985968446330396
0,0,0.6427172672864507,0.06337767142673618,-0.3889137597980706,-0.029083050892178934,1.1170572723897867
1,0,1.3408690313381462,1.545699288849288,-1.0716775267026206,2.121882185371477,0.975491860687504
1,0,-1.3520020585755685,-1.2841874353210452,-0.44997393407408726,0.571186317367446,1.4788355467400645
0,1,-0.30477441249802545,-0.8799179032967337,-0.2889971109827706,1.2614960908660144,1.5260240173074922
0,0,-0.9031902102566255,-0.6777831372845589,-0.993964577624054,1.6816846486477515,-0.015466021228474349
1,0,0.8421891998726413,0.6697819694632224,-0.06696011361543722,0.2210291858826648,0.5665251157697987
0,1,-0.055434496765273025,-0.0040005839106682,-0.3056498857853206,0.2110246964116709,1.1642457429572142
0,1,-1.2522660922824733,-0.4082701159350179,-0.5887470574286706,0.8313030436132829,0.4878776648240861
1,0,1.2910010481916128,1.545699288849288,-1.210450650057204,1.3415320066339642,-1.0378828835227378
0,1,-1.102662142842816,-1.48632220133322,-1.2715108243332207,1.7917340328286828,-0.5974571582267474
0,1,-0.8034542439635303,-0.4082701159350179,0.7046184522360462,-1.5697744294252165,-0.6289161386050324
1,0,0.8421891998726413,0.4676472034510476,2.6862986537394966,-1.9099270714390042,-1.619874020521011
1,0,0.7424532335795461,0.4676472034510476,-0.6442563067705039,0.401109996360552,1.7934253505229147
0,1,-0.7535862608169684,-0.47564837127238396,0.0662620848049628,-0.5293075244418664,0.20474684141952085
1,0,-1.0527941596962826,-1.5537004566706243,-0.2612424863118539,0.37109652794757103,-0.770481550307315
1,0,-1.1525301259893779,-1.8905917333575697,-0.5276868831526539,0.0009304175208020274,-1.4311201382513006
0,1,1.0915291156053937,0.8045384801379929,0.02740561026567947,0.3610920384765771,-0.7075635895507449
1,0,1.8894168459502128,2.084725331548408,-0.08916381335217055,-0.019078561421185754,0.6609020569046538
0,1,1.1413970987519555,0.9392949908127634,-0.33340451045623726,0.5611818278964521,-0.770481550307315
1,0,0.34350936840713653,-0.2735136052602091,-1.1660432505837373,1.4315724118729078,-0.44016225633532224
1,0,0.4432453347002318,0.26551243743887276,-0.6220526070337706,0.7012446804903645,-0.67610460917246
1,0,0.1440374358209459,1.1414297568249383,0.1772805834886295,-0.8794646559266479,0.2362058217978059
0,1,0.1939054189674794,0.8719167354753973,-1.0494738269658874,1.6516711802347706,-1.2109072756033055
0,1,-1.750945923747978,-1.7558352226827991,0.14397503388352947,0.35108754900558325,1.3529996252269245
1,0,0.1939054189674794,1.2761862674997086,1.8259052889410796,-1.869909113555029,-0.25140837406561206
0,0,0.1440374358209459,-0.3408918605976135,-0.5609924327577539,0.401109996360552,-0.770481550307315
1,0,-0.5541143282307779,-1.014674413971504,0.11066948427842949,-0.5693254823258419,0.28339429236523345
1,0,-0.6538502945238731,-0.0040005839106682,0.5436416291447296,-0.8194377191006853,-1.0378828835227378
0,0,-1.102662142842816,-1.0820526693089085,0.06071115987077948,-0.17915039295708515,1.2114342135246419
1,0,-1.2522660922824733,-1.014674413971504,0.3216046317773962,-0.35923120343497306,0.06318142971723822
0,0,-0.5042463450842161,0.06337767142673618,-0.5942979823628539,1.001379364620177,-0.9906944129553102
1,0,-1.3520020585755685,-1.014674413971504,-0.4610757839424539,1.4215679224019147,1.1170572723897867
0,1,1.3408690313381462,1.3435645228371131,2.247775583939013,-1.8599046240840353,-0.5817276680376049
0,0,-1.0527941596962826,-1.5537004566706243,-0.41666838446898724,0.3210740805926023,-0.1727609231198995
1,0,0.5928492841398889,-0.07137883924807259,-0.4999322584817373,0.5511773384254582,-1.3367431971164456
1,0,0.1939054189674794,1.1414297568249383,-0.4388720842057206,-0.03908754036317282,0.849655939174364
1,0,0.34350936840713653,1.545699288849288,0.28274815723811286,-0.369235692905967,-0.23567888387646954
0,1,-1.0029261765497208,-1.6884569673453949,-0.5998489072970373,1.2915095592789956,-0.25140837406561206
0,1,-1.2023981091359115,-1.216809179983679,2.5308727555823634,-1.949945029322979,-1.5412265695752982
1,0,0.9917931493122984,0.8045384801379929,1.698234015454863,-1.269639745295404,-0.9906944129553102
0,1,0.2437734021140412,-0.0040005839106682,-0.6886637062439707,0.35108754900558325,-0.15703143293075697
1,0,-0.5541143282307779,0.06337767142673618,0.1772805834886295,-0.3192132455509982,-0.4716212367136073
1,0,-1.0527941596962826,-0.3408918605976135,-0.827436829598554,0.791285085729308,0.29912378255437594
1,0,-0.6039823113773113,-0.0040005839106682,-0.7552748054541706,0.5611818278964521,1.2114342135246419
1,0,-1.4517380248686638,-1.216809179983679,-0.6220526070337706,0.5211638700124772,0.4406891942566586
0,1,0.1440374358209459,0.13075592676410228,-0.5387887330210206,-0.04909202983416672,-1.6356035107101534
1,0,1.8894168459502128,1.8825905655362332,-0.5332378080868373,0.07096184381775855,0.5822546059589412
1,0,-1.0527941596962826,-0.6104048819471545,-0.4555248590082706,0.44112795424452683,-1.258095746170733
0,1,0.49311331784679363,0.4676472034510476,-0.12246936295727055,0.02093939646278981,0.9912213508766465
0,1,-1.2522660922824733,-0.9472961586340998,-1.0550247519000706,1.151446706685083,-1.3682021774947306
0,1,1.241133065045051,1.3435645228371131,-0.511034108350104,0.571186317367446,1.6046714682532046
1,0,1.9392848290967462,1.815212310198829,1.448442393416613,-1.5697744294252165,0.7867379784177939
1,0,0.49311331784679363,0.8045384801379929,-0.40001560966643723,0.5411728489544643,-1.1322598246575928
0,0,0.49311331784679363,0.8719167354753973,0.3216046317773962,-0.07910549824714767,-0.6603751189833175
1,0,-0.3546423956445589,-1.014674413971504,-0.7219692558490707,0.48114591212850166,-0.2671378642547546
1,0,0.04430146952785062,0.33289069277627714,-0.21683508683838723,-0.019078561421185754,-0.015466021228474349
1,0,0.1440374358209459,0.9392949908127634,1.2208544711150964,-1.5197519820702476,-1.163718805035878
1,0,1.7398128965105557,1.815212310198829,0.8600443503931796,-1.269639745295404,-1.0693418639010228
1,0,0.8421891998726413,0.7371602248006268,-0.777478505190904,1.5116083276408583,0.7552789980395088
0,1,0.7424532335795461,0.4676472034510476,-0.16132583749655388,-0.39924916131894794,-0.6918340993616025
0,1,1.1912650818984891,0.19813418210150666,-0.910700703611304,1.2514916013950206,0.8339264489852214
0,0,-1.7010779406014163,-1.5537004566706243,0.6380073530258462,-0.8994736348686354,-0.2671378642547546
1,0,-0.7535862608169684,-0.8125396479593293,-1.2992654490041373,1.8717699485966333,-1.289554726549018
1,0,0.8421891998726413,0.06337767142673618,-0.21683508683838723,-0.03908754036317282,-0.8176700208747426
1,0,-1.601341974308321,-1.2841874353210452,-1.0161682773607874,0.8313030436132829,1.463106056550922
0,1,0.6925852504329842,0.4002689481136815,0.5047851546054462,-0.9695050611655915,-1.6670624910884384
0,1,0.293641385260603,-0.07137883924807259,-0.4999322584817373,0.24103816482465185,0.9597623704983616
0,1,-1.4517380248686638,-1.418943945995854,0.6824147524993129,-1.3096577031793792,1.1799752331463567
1,0,0.6925852504329842,0.19813418210150666,-0.9162516285454874,0.7612716173163271,1.0698688018223592
1,0,-2.100021805773826,-2.42961777605669,-1.0161682773607874,0.801289575200302,-0.14130194274161448
1,0,0.04430146952785062,-0.13875709458543867,-0.6053998322312206,1.6716801591767583,-1.0064239031444528
0,1,-1.3520020585755685,-1.216809179983679,0.7656786265120629,-0.5092985454998793,-1.3682021774947306
0,0,-0.7037182776704066,-0.3408918605976135,-0.660909081573054,1.0413973225041517,-0.4087032759570372
0,0,0.7424532335795461,0.33289069277627714,0.0662620848049628,-0.5693254823258419,0.912573899930934
0,1,0.7923212167261079,0.6697819694632224,-0.5998489072970373,0.23103367535365796,0.330582762932661
1,0,0.6925852504329842,0.26551243743887276,0.5547434790130962,-1.1095679137595043,-0.21994939368732705
0,1,-0.2050384462049018,-0.5430266266097884,-0.810784054796004,0.771276106787321,-1.258095746170733
1,0,1.7398128965105557,1.4109427781745174,0.7490258517095129,-0.9194826138106228,-1.6985214714667234
1,0,0.5429813009933554,0.26551243743887276,1.8592108385461796,-1.5197519820702476,-0.9592354325770253
1,0,1.2910010481916128,0.6024037141258181,-1.1549414007153707,1.201469154040052,0.7238200176612238
1,0,-0.6039823113773113,0.4002689481136815,0.6213545782232962,-0.6693703770357794,-1.6985214714667234
0,0,0.1440374358209459,1.0740515014875722,-0.6220526070337706,1.6216577118217896,-1.5726855499535832
1,0,-0.3546423956445589,-0.7451613926219632,0.46592868006616284,-0.8894691453976414,0.6923610372829389
1,0,-0.7535862608169684,-0.20613534992284305,5.983548064644397,-2.7903221448864537,-0.09411347217418692
1,0,-0.2050384462049018,0.6697819694632224,0.9377572994717462,-0.8994736348686354,0.22047633160866337
1,0,-0.9031902102566255,-1.1494309246462746,2.87503010150173,-2.2000572660978226,0.9440328803092191
0,0,-1.2522660922824733,-1.1494309246462746,0.7490258517095129,-0.9995185295785729,-0.8491290012530276
1,0,-0.15517046305836832,0.6697819694632224,2.4642616563721633,-1.8999225819680103,1.463106056550922
1,0,-1.5514739911617874,-1.1494309246462746,-0.14467306269400387,-0.11912345613112324,1.2743521742812118
0,1,0.4432453347002318,1.0066732461501677,0.9155535997350129,-0.869460166455654,0.8024674686069364
1,0,1.1413970987519555,0.6024037141258181,1.0043683986819463,-1.189603829527454,1.1013277822006442
1,0,1.0416611324588603,0.8719167354753973,-0.6886637062439707,0.41111448583154586,-1.0221533933335953
1,0,0.6427172672864507,0.535025458788452,-0.827436829598554,1.7417115854737142,0.881114919552649
1,0,0.6925852504329842,0.4002689481136815,-0.8773951540062039,0.6112042752514208,-0.5974571582267474
1,0,-1.5514739911617874,-1.48632220133322,0.6324564280916629,-1.0295319979915543,0.4564186844458011
1,0,1.989152812243308,1.8825905655362332,0.0163037603973128,0.27105163323763354,1.4159175859834945
1,0,-0.1053024799118065,-0.4082701159350179,-0.4388720842057206,-0.25918630872503556,-1.3052842167381606
0,1,0.09416945267438409,-0.20613534992284305,-0.6997655561123373,0.3010651016506145,0.4564186844458011
0,0,-0.3546423956445589,-0.8125396479593293,-0.7885803550592706,0.5411728489544643,1.3058111546594968
0,1,1.7398128965105557,2.0173470762110037,-0.2612424863118539,0.6112042752514208,-0.2985968446330396
0,0,-0.953058193403159,-1.6210787120079904,-0.23903878657512057,0.41111448583154586,-0.06265449179590189
1,0,-0.953058193403159,-1.3515656906584494,0.6269055031574795,-1.149585871643479,-0.7075635895507449
0,1,-0.7037182776704066,-1.216809179983679,-0.28344618604858723,0.401109996360552,-1.0221533933335953
0,1,1.0915291156053937,1.0066732461501677,1.798150664270163,-1.429711576831304,-0.3615148053896097
1,0,0.1939054189674794,1.2761862674997086,-0.35005728525878727,0.8713210014972584,1.2743521742812118
1,0,-0.15517046305836832,-0.5430266266097884,-1.0716775267026206,1.7417115854737142,0.47214817463494363
1,0,0.7424532335795461,0.33289069277627714,4.20725208570573,-2.4201560344596853,1.3058111546594968
1,0,-0.5042463450842161,0.26551243743887276,0.3715629561850462,-0.8894691453976414,0.40923021387837355
1,0,0.8920571830192031,0.33289069277627714,0.0496093100024128,-0.589334461267829,-0.23567888387646954
1,0,0.7424532335795461,0.4002689481136815,-0.744172955585804,0.23103367535365796,-0.3929737857678947
1,0,1.7896808796571175,2.0173470762110037,-0.09471473828635388,-0.4192581402609357,0.39350072368923106
1,0,-1.3021340754290351,-1.014674413971504,-0.7164183309148873,0.3911055068895581,-0.9592354325770253
0,1,-0.8533222271100637,-0.8799179032967337,0.7101693771702295,-1.1395813821724852,-1.415390648062158
1,0,1.1413970987519555,0.6024037141258181,1.9535765624272965,-1.7298462609611165,0.42495970406751604
0,1,2.03902079538987,2.2194818422231783,-0.3278535855220539,-0.1591414140150981,-0.5659981778484624
1,0,0.49311331784679363,0.4002689481136815,0.27164630736974615,-0.6293524191518038,0.09464041009552325
1,0,0.8421891998726413,0.06337767142673618,-0.6387053818363206,1.0213883435621647,-0.8491290012530276
0,1,0.49311331784679363,0.4676472034510476,-0.2556915613776706,0.8112940646712958,0.5822546059589412
1,0,-0.9031902102566255,-1.5537004566706243,0.8267388007880796,-0.759410782274723,-0.2671378642547546
1,0,-1.2023981091359115,-1.0820526693089085,-0.4388720842057206,0.03094388593378299,1.368729115416067
0,1,-0.8034542439635303,-0.4082701159350179,-0.6109507571654039,0.1810112279986892,1.494565036929207
1,0,-2.199757772066921,-2.6991307974062306,-0.6664600065072372,1.1114287488011083,-1.5884150401427257
0,1,-0.6538502945238731,-1.0820526693089085,-0.1779786122991039,0.571186317367446,1.3215406448486393
1,0,1.1912650818984891,0.06337767142673618,0.9433082244059295,-0.8194377191006853,-0.12557245255247196
1,0,-0.4543783619376542,0.4002689481136815,0.2105861330937295,-0.28919977713801653,-1.0064239031444528
1,0,-1.6512099574548829,-1.48632220133322,-0.8718442290720206,0.7512671278453332,-1.1165303344684503
1,0,0.9917931493122984,0.6024037141258181,-0.8940479288087539,1.3115185382209833,1.6361304486314896
1,0,1.1912650818984891,0.8045384801379929,-0.7497238805199873,1.201469154040052,-0.8019405306856001
0,1,-0.7535862608169684,-0.47564837127238396,-0.28344618604858723,0.37109652794757103,1.2743521742812118
1,0,-0.8533222271100637,-0.6104048819471545,-0.8496405293352873,0.5311683594834704,1.6361304486314896
0,1,-0.953058193403159,-0.0040005839106682,-0.810784054796004,0.31106959112160837,-0.67610460917246
0,1,-1.1525301259893779,-0.3408918605976135,2.70850235347623,-2.0199764556199353,-1.0850713540901653
1,0,1.1912650818984891,0.19813418210150666,2.0035348868349465,-1.5597699399542229,0.07891091990638074
0,0,0.9419251661657366,0.535025458788452,-0.46662670887663726,0.27105163323763354,-0.3615148053896097
1,0,0.6925852504329842,0.26551243743887276,0.021854685331496135,0.09097082275974562,1.2900816644703543
1,0,1.2910010481916128,1.545699288849288,0.5991508784865629,-0.8194377191006853,-0.8805879816313127
0,1,0.04430146952785062,0.06337767142673618,-0.2112841619042039,-0.0691010087761545,1.368729115416067
0,1,0.293641385260603,0.6024037141258181,0.9044517498666462,-0.9695050611655915,-0.2671378642547546
1,0,-0.5541143282307779,0.06337767142673618,-1.0994321513735374,1.4515813908148956,-0.8963174718204552
1,0,0.9917931493122984,0.6697819694632224,-0.660909081573054,0.591195296309433,0.5665251157697987
1,0,0.1440374358209459,1.2761862674997086,0.8489425005248129,-0.8494511875136667,1.2428931939029269
0,1,-0.7037182776704066,-1.0820526693089085,1.3263220448645796,-1.1795993400564604,0.8339264489852214
1,0,0.6427172672864507,0.4676472034510476,-0.017001789207787204,-0.0691010087761545,-1.2109072756033055
0,0,0.293641385260603,1.4109427781745174,-1.027270127229154,0.6912401910193705,0.47214817463494363
0,1,1.3408690313381462,1.3435645228371131,0.6269055031574795,-0.8994736348686354,-0.42443276614617975
0,1,0.7923212167261079,-0.07137883924807259,1.148692446970713,-0.8894691453976414,-0.3929737857678947
1,0,0.2437734021140412,0.4002689481136815,2.281081133544113,-1.9699540082649665,1.5732124878749196
1,0,-1.3021340754290351,-1.0820526693089085,-0.3611591351271539,0.3610920384765771,-1.6356035107101534
0,1,0.7424532335795461,0.33289069277627714,0.3382574065799462,-0.7193928243907481,1.5260240173074922
0,0,-2.0501538226272924,-2.3622395207192852,0.30495185697484617,-0.6793748665067726,-0.8333995110638851
1,0,-1.3021340754290351,-1.418943945995854,0.0995676344100628,-0.4492716086739167,1.0384098214440742
1,0,0.8421891998726413,0.06337767142673618,-0.2889971109827706,0.801289575200302,-1.1322598246575928
1,0,-0.9031902102566255,-1.48632220133322,-0.05030733881288721,-0.4092536507899418,-0.6289161386050324
1,0,-0.953058193403159,-1.6884569673453949,-0.8218859046643706,1.7417115854737142,0.8339264489852214
1,0,-1.102662142842816,-1.418943945995854,-0.511034108350104,0.8613165120262646,-0.9749649227661678
1,0,0.3933773515536983,1.0740515014875722,0.16062780868607948,-0.39924916131894794,-1.3367431971164456
0,0,0.04430146952785062,1.0066732461501677,-0.6498072317046872,0.6212087647224147,0.40923021387837355
1,0,0.8920571830192031,-0.20613534992284305,0.32715555671157953,-0.959500571694598,0.2519353119869484
1,0,-1.4018700417221304,-1.014674413971504,-0.5165850332842873,0.37109652794757103,0.9912213508766465
1,0,-0.2050384462049018,-0.47564837127238396,0.10511855934424615,-0.5193030349708732,0.11036990028466577
1,0,1.9392848290967462,2.152103586885774,-0.810784054796004,0.6512222331353957,-1.5569560597644407
1,0,-1.0029261765497208,-1.014674413971504,-0.6109507571654039,-0.2291728403120539,1.7619663701446298
1,0,-0.8533222271100637,-0.3408918605976135,0.9544100742742962,-0.9695050611655915,0.6294430765263688
1,0,-0.5541143282307779,0.13075592676410228,6.649659056746397,-3.1204702974292475,0.5350661353915137
0,1,-1.4517380248686638,-1.0820526693089085,0.42152128059269617,-0.7394018033327352,1.1957047233354994
0,1,1.1413970987519555,0.4676472034510476,0.02740561026567947,-0.029083050892178934,0.5193366452023711
0,1,-0.8034542439635303,-0.9472961586340998,-0.06696011361543722,0.09097082275974562,-0.188490413309042
0,1,-0.5042463450842161,-0.7451613926219632,-0.4999322584817373,-0.03908754036317282,-0.04692500160675938
0,1,1.839548862803651,1.815212310198829,0.7212712270385963,-0.8294422085716792,0.18901735123037833
1,0,0.34350936840713653,-0.3408918605976135,-0.43332115927153725,0.991374875149183,-1.6985214714667234
1,0,0.8920571830192031,0.13075592676410228,7.1381404509545305,-3.4206049815590602,1.6833189191989173
1,0,0.293641385260603,1.2761862674997086,-0.927353478413854,2.0118328011905455,1.6361304486314896
1,0,0.293641385260603,0.13075592676410228,0.6047018034207462,-0.8294422085716792,-0.9749649227661678
1,0,0.1939054189674794,1.0740515014875722,-1.8821125670933874,3.6625735639045134,-1.651333000899296
1,0,0.5928492841398889,0.6697819694632224,0.15507688375189616,-0.4892895665578915,-0.6918340993616025
0,0,-0.0055665136187112016,0.26551243743887276,1.898067313085463,-1.8098821767290667,-0.09411347217418692
1,0,-1.5514739911617874,-1.1494309246462746,0.08846578454169614,-0.17915039295708515,1.0541393116332167
0,1,-0.40451037879112073,-1.1494309246462746,1.198650771378363,-1.3596801505343479,-1.3996611578730156
0,1,-0.5541143282307779,0.13075592676410228,3.10816894873743,-1.9999674766779476,-0.15703143293075697
0,1,1.241133065045051,0.6697819694632224,-0.4222193094031706,0.31106959112160837,1.1485162527680717
1,0,0.8920571830192031,0.7371602248006268,-0.2445897115093039,-0.3092087560800043,1.400188095794352
1,0,1.0416611324588603,0.8045384801379929,-0.677561856375604,0.801289575200302,-1.4940380990078708
0,1,0.5928492841398889,0.535025458788452,-0.794131279993454,0.7412626383743393,-1.619874020521011
1,0,-0.8034542439635303,0.06337767142673618,-0.46662670887663726,0.2210291858826648,-0.21994939368732705
0,1,-0.953058193403159,-0.8125396479593293,-0.8940479288087539,1.351536496104958,-0.67610460917246
1,0,1.2910010481916128,1.1414297568249383,-1.5823626206474875,1.4115634329309208,-1.3996611578730156
1,0,0.2437734021140412,0.33289069277627714,0.8655952753273629,-1.3296666821213665,-1.258095746170733
1,0,0.1440374358209459,-0.2735136052602091,-1.1826960253862873,1.2414871119240267,-0.8019405306856001
0,1,-0.6538502945238731,-1.0820526693089085,-0.5443396579552039,0.3210740805926023,0.3777712335000885
0,1,-1.0527941596962826,-1.418943945995854,0.005201910528946133,-0.019078561421185754,-1.1008008442793078
1,0,0.04430146952785062,-0.5430266266097884,-0.5443396579552039,0.2910606121796206,0.6294430765263688
1,0,0.293641385260603,0.26551243743887276,-0.4555248590082706,0.771276106787321,0.18901735123037833
1,0,1.989152812243308,2.0173470762110037,0.010752835463129468,0.591195296309433,-0.6918340993616025
0,1,-0.953058193403159,-1.3515656906584494,0.8156369509197129,-1.069549955875529,-1.1479893148467355
0,1,0.2437734021140412,-0.13875709458543867,-0.17242768736492056,-0.21916835084106073,0.6609020569046538
0,0,0.1440374358209459,1.1414297568249383,0.6435582779600295,-1.0095230190495668,1.3372701350377818
0,1,1.6899449133639939,1.2761862674997086,-0.16132583749655388,0.2210291858826648,-1.1322598246575928
0,1,0.3933773515536983,0.8045384801379929,-0.28344618604858723,0.01093490699179592,-0.33005582501132463
1,0,-0.15517046305836832,-0.4082701159350179,-0.5221359582184706,0.2910606121796206,-0.8333995110638851
1,0,-1.3021340754290351,-0.5430266266097884,-1.4713441219638208,1.4315724118729078,0.20474684141952085
1,0,1.1912650818984891,0.6697819694632224,-1.1660432505837373,1.4615858802858894,1.0698688018223592
1,0,-0.7037182776704066,-0.13875709458543867,0.3216046317773962,-0.4092536507899418,1.651859938820632
0,1,0.6925852504329842,0.4676472034510476,0.4326231304610629,-0.5693254823258419,-0.10984296236332944
1,0,1.839548862803651,1.6804557995240583,-0.42777023433735395,0.6212087647224147,0.8968444097417915
0,1,-1.0029261765497208,-1.418943945995854,1.1708961467074464,-1.3396711715923602,-0.644645628794175
1,0,0.4432453347002318,-0.20613534992284305,4.529205731888363,-2.5602188870535976,1.463106056550922
0,0,1.1413970987519555,0.7371602248006268,-0.46662670887663726,0.03094388593378299,0.5822546059589412
1,0,-0.2549064293514636,-0.5430266266097884,0.8378406506564462,-1.079554445346523,0.0002634689606681657
0,1,-0.15517046305836832,-0.5430266266097884,0.38266480605341285,-0.559320992854848,-0.6289161386050324
0,1,-1.3520020585755685,-0.9472961586340998,0.24944260763301282,-1.0595454664045354,0.5193366452023711
1,0,0.2437734021140412,1.2761862674997086,-0.15577491256237055,0.1810112279986892,1.5260240173074922
1,0,0.4432453347002318,0.535025458788452,1.0543267230895963,-0.9795095506365854,-0.8648584914421701
1,0,0.8920571830192031,0.4002689481136815,-0.7552748054541706,0.6812357015483766,0.6766315470937962
1,0,0.2437734021140412,-0.0040005839106682,-0.6997655561123373,0.45113244371552075,0.6923610372829389
1,0,0.8920571830192031,0.19813418210150666,1.2541600207201964,-1.269639745295404,-1.2423662559815905
1,0,-1.601341974308321,-1.5537004566706243,0.14397503388352947,0.01093490699179592,-0.2985968446330396
1,0,0.6427172672864507,0.6024037141258181,1.2264053960492796,-1.6097923873091917,-0.5030802170918923
0,1,-0.5541143282307779,-0.6777831372845589,2.1367570852553466,-1.7398507504321101,1.3372701350377818
0,1,0.2437734021140412,1.3435645228371131,1.331872969798763,-1.2296217874114292,-0.9749649227661678
1,0,-0.055434496765273025,-0.6777831372845589,0.07736393467332947,0.0009304175208020274,-0.31432633482218214
0,1,0.1440374358209459,-0.3408918605976135,-0.5054831834159206,0.24103816482465185,0.5822546059589412
1,0,-1.4018700417221304,-1.418943945995854,2.4975672059772633,-1.9699540082649665,1.2271637037137844
0,1,0.293641385260603,1.1414297568249383,-0.6387053818363206,1.0814152803881265,1.1642457429572142
1,0,-0.9031902102566255,-0.6104048819471545,-1.0494738269658874,1.201469154040052,0.4406891942566586
1,0,-1.0029261765497208,-0.9472961586340998,-0.3223026605878706,0.25104265429564576,-0.8491290012530276
1,0,0.9917931493122984,0.4676472034510476,0.8822480501299129,-1.189603829527454,-1.0850713540901653
1,0,-0.4543783619376542,0.4002689481136815,1.4262386936798797,-1.3996981084183229,-0.2828673544438971
1,0,0.9917931493122984,0.26551243743887276,-1.010617352426604,1.801738522299677,0.0002634689606681657
0,0,-1.0029261765497208,-0.9472961586340998,-0.07251103854962054,0.1810112279986892,0.8181969587960789
0,0,1.989152812243308,2.084725331548408,-0.727520180783254,-0.019078561421185754,0.3777712335000885
1,0,-0.5042463450842161,-0.9472961586340998,-0.6109507571654039,-0.2291728403120539,0.28339429236523345
0,1,-0.953058193403159,-1.2841874353210452,-0.827436829598554,0.9813703856781891,-0.3615148053896097
1,0,0.293641385260603,-0.0040005839106682,-0.18908046216747057,-0.4092536507899418,-0.20421990349818453
1,0,-0.055434496765273025,-0.5430266266097884,0.6602110527625795,-0.5193030349708732,-1.446849628440443
1,0,-1.0527941596962826,-0.6777831372845589,-0.03920548894452054,-0.2391773297830478,-0.9592354325770253
0,1,0.6427172672864507,0.06337767142673618,-0.07806196348380388,-0.21916835084106073,1.431647076172637
0,1,-0.6538502945238731,0.06337767142673618,-0.760825730388354,2.972263790405946,-0.6918340993616025
1,0,-0.30477441249802545,0.26551243743887276,-0.16687676243073724,0.060957354346764664,1.0541393116332167
1,0,-2.199757772066921,-2.5643742867314603,-0.5165850332842873,0.991374875149183,0.39350072368923106
1,0,0.6925852504329842,0.26551243743887276,-0.5887470574286706,0.34108305953458934,-0.3457853152004672
0,0,1.989152812243308,1.9499688208735992,-0.2445897115093039,0.6612267226063896,-1.6985214714667234
0,0,-1.3520020585755685,-1.418943945995854,-0.43332115927153725,-0.2491818192540417,0.8339264489852214
1,0,1.8894168459502128,2.152103586885774,-0.044756413878703875,-0.059096519305160605,0.8024674686069364
0,1,-0.8533222271100637,-1.0820526693089085,-0.5276868831526539,0.7512671278453332,1.1013277822006442
1,0,-1.3021340754290351,-0.8799179032967337,-0.6109507571654039,1.7417115854737142,-0.188490413309042
1,0,-1.2522660922824733,-0.2735136052602091,-1.2604089744648541,1.0714107909171333,-1.6985214714667234
0,1,-1.2522660922824733,-1.014674413971504,0.40486850579014616,-0.9995185295785729,0.8653854293635065
1,0,0.1939054189674794,1.3435645228371131,0.5103360795396296,-0.5092985454998793,0.11036990028466577
0,1,-0.40451037879112073,-0.6104048819471545,-0.20018231203583722,-0.5293075244418664,-1.6041445303318682
0,1,0.5429813009933554,0.4676472034510476,-0.9551081030847707,0.34108305953458934,0.04745193952809571
0,1,0.3933773515536983,0.4002689481136815,0.7212712270385963,-1.159590361114473,-0.45589174652446474
0,0,0.7424532335795461,0.535025458788452,0.28829908217229616,-1.0395364874625477,-1.1794482952250205
1,0,-0.6538502945238731,0.06337767142673618,0.7601277015778796,-0.6493613980937917,-0.5974571582267474
0,1,-1.0527941596962826,-0.7451613926219632,0.04405838506822947,0.401109996360552,-0.5659981778484624
1,0,1.6899449133639939,1.8825905655362332,-0.4999322584817373,0.3911055068895581,-0.21994939368732705
1,0,0.293641385260603,1.1414297568249383,-0.5054831834159206,0.9113389593812333,1.5417535074966346
1,0,0.1440374358209459,1.0740515014875722,-0.9162516285454874,0.7412626383743393,1.400188095794352
1,0,-1.5514739911617874,-1.3515656906584494,0.038507460134046136,-0.8894691453976414,-1.5254970793861558
0,1,-0.2050384462049018,-0.47564837127238396,-0.844089604401104,0.8313030436132829,-1.3052842167381606
0,1,0.293641385260603,0.4676472034510476,0.14952595881771283,-0.17915039295708515,1.2428931939029269
1,0,-0.5541143282307779,0.26551243743887276,1.1098359724314295,-1.3696846400053415,-1.226636765792448
1,0,-0.953058193403159,-1.216809179983679,-0.30009896085113724,0.07096184381775855,-0.8019405306856001
1,0,0.7923212167261079,0.6024037141258181,-0.2612424863118539,0.5211638700124772,0.7395495078503663
0,1,-0.7535862608169684,-0.6777831372845589,1.1209378222997963,-1.1996083189984479,-1.3682021774947306
1,0,-1.2522660922824733,-0.6777831372845589,-1.2160015749913873,1.4715903697568833,1.1170572723897867
1,0,-1.5016060080152256,-1.48632220133322,1.3041183451278464,-1.1996083189984479,1.2586226840920693
0,1,-1.3021340754290351,-0.9472961586340998,2.00908581176913,-1.7898731977870788,-0.42443276614617975
0,1,0.9917931493122984,0.6024037141258181,-1.0383719770975206,1.551626285524833,-0.770481550307315
1,0,-1.750945923747978,-1.7558352226827991,-0.08916381335217055,0.07096184381775855,-0.3615148053896097
0,0,1.3408690313381462,0.7371602248006268,-0.6720109314414207,0.34108305953458934,0.34631225312180347
1,0,0.1440374358209459,1.1414297568249383,2.4975672059772633,-1.7698642188450915,0.20474684141952085
1,0,-0.8034542439635303,-0.6104048819471545,-0.6442563067705039,0.801289575200302,0.42495970406751604
1,0,-0.5541143282307779,-0.0040005839106682,-0.3833628348638872,0.591195296309433,0.01599295914981068
1,0,0.8920571830192031,0.6024037141258181,-0.4999322584817373,-0.3492267139639792,-1.1794482952250205
0,1,1.2910010481916128,1.1414297568249383,-0.6053998322312206,1.1714556856270708,-1.195177785414163
1,0,1.6899449133639939,1.2088080121623426,-0.5609924327577539,1.8917789275386203,-1.3524726873055881
0,1,0.09416945267438409,-0.4082701159350179,-0.5887470574286706,0.8813254909682516,1.3058111546594968
0,1,-2.249625755213483,-2.766509052743635,-0.8829460789403873,1.2414871119240267,1.4788355467400645
1,0,1.3408690313381462,1.4109427781745174,0.021854685331496135,-0.2491818192540417,-1.1794482952250205
0,1,-0.953058193403159,-1.1494309246462746,-0.4777285587450039,0.15099775958570827,1.5102945271183497
1,0,-1.102662142842816,-1.0820526693089085,-0.15022398762818723,-0.009074071950191864,1.1485162527680717
1,0,-0.40451037879112073,-1.014674413971504,-0.2723443361802206,0.3210740805926023,0.7867379784177939
1,0,1.390737014484708,0.4002689481136815,-0.7497238805199873,0.3210740805926023,1.494565036929207
1,0,-1.0029261765497208,-1.48632220133322,-0.4777285587450039,-0.2291728403120539,0.17328786104123584
1,0,0.1939054189674794,-0.47564837127238396,-0.07806196348380388,-0.03908754036317282,1.4788355467400645
1,0,1.7896808796571175,1.815212310198829,-0.6720109314414207,0.41111448583154586,0.15755837085209332
0,1,-0.7037182776704066,0.06337767142673618,-0.5276868831526539,0.8112940646712958,-1.0850713540901653
1,0,0.49311331784679363,0.33289069277627714,-0.8940479288087539,0.44112795424452683,-0.3929737857678947
1,0,0.1939054189674794,1.0740515014875722,1.531706267429363,-1.6498103451931665,-0.9277764521987402
1,0,1.241133065045051,0.7371602248006268,-0.005899939339420535,-0.3192132455509982,1.5732124878749196
0,0,0.34350936840713653,-0.2735136052602091,-0.7552748054541706,1.1314377277430954,1.0384098214440742
0,1,0.2437734021140412,1.3435645228371131,2.4753635062405297,-2.0699989029749037,0.5507956255806562
1,0,0.9917931493122984,0.33289069277627714,-1.5324042962398374,2.0618552485455144,-0.2828673544438971
0,1,0.34350936840713653,0.4676472034510476,-1.0661266017684374,0.6512222331353957,1.1799752331463567
0,0,0.293641385260603,0.4002689481136815,-0.5054831834159206,0.4711414226575085,-0.8333995110638851
1,0,-1.102662142842816,-1.7558352226827991,-0.15022398762818723,0.08096633328875173,0.4564186844458011
1,0,-0.953058193403159,-1.6210787120079904,2.281081133544113,-1.9699540082649665,1.4788355467400645
1,0,1.2910010481916128,1.2761862674997086,-0.7885803550592706,0.6912401910193705,-0.4087032759570372
1,0,-0.7037182776704066,-0.47564837127238396,0.9044517498666462,-1.2396262768824227,0.5507956255806562
1,0,2.03902079538987,2.4216166082353534,0.39931758085596286,-0.8594556769846605,0.5665251157697987
0,1,1.989152812243308,2.0173470762110037,0.8100860259855296,-1.1795993400564604,-0.6603751189833175
1,0,0.7923212167261079,0.7371602248006268,-0.727520180783254,0.44112795424452683,-0.031195511417616863
0,1,-0.6039823113773113,-0.47564837127238396,0.4381740553952462,-0.4892895665578915,1.0226803312549315
0,0,0.34350936840713653,1.545699288849288,-0.5165850332842873,0.5411728489544643,-0.3457853152004672
0,1,1.8894168459502128,1.7478340548614628,1.2708127955227464,-1.6097923873091917,0.6451725667155113
0,0,-1.0029261765497208,-1.6884569673453949,0.7989841761171629,-1.2196172979404352,-1.289554726549018
1,0,-1.5514739911617874,-1.6210787120079904,-0.13912213775982055,-0.42926262973192886,-0.12557245255247196
0,1,0.8421891998726413,0.535025458788452,-0.20573323697002055,-0.559320992854848,0.7710084882286514
1,0,-0.6039823113773113,-1.014674413971504,-0.06696011361543722,-0.37924018237696017,-1.651333000899296
0,0,0.2437734021140412,0.8045384801379929,-0.7885803550592706,0.5211638700124772,-1.6670624910884384
1,0,-0.4543783619376542,-1.216809179983679,0.16062780868607948,-0.6693703770357794,0.2362058217978059
1,0,0.3933773515536983,0.4002689481136815,-0.760825730388354,1.3715454750469458,-0.23567888387646954
1,0,0.2437734021140412,1.2761862674997086,1.931372862690563,-1.829891155671054,-0.8176700208747426
0,0,-0.7535862608169684,-0.6104048819471545,2.84172455189663,-2.1000123713878853,1.1957047233354994
0,0,-0.3546423956445589,-0.6104048819471545,0.07181300973914614,0.07096184381775855,0.18901735123037833
1,0,-1.4018700417221304,-1.014674413971504,0.27164630736974615,0.04094837540477688,1.2900816644703543
1,0,1.0416611324588603,0.4002689481136815,-0.5554415078235706,0.0009304175208020274,-1.5884150401427257
1,0,0.2437734021140412,-0.13875709458543867,-0.6553581566388706,0.9613614067362021,1.620400958442347
0,1,1.6400769302174603,1.815212310198829,0.5713962538156462,-0.6393569086227977,-0.06265449179590189
1,0,-0.2549064293514636,0.535025458788452,1.8536599136119964,-1.7698642188450915,1.620400958442347
1,0,-1.9005498731876351,-1.8232134780201652,0.9544100742742962,-1.0095230190495668,-1.0378828835227378
0,0,1.989152812243308,2.0173470762110037,0.8989008249324629,-0.959500571694598,0.9912213508766465
1,0,-1.4517380248686638,-0.9472961586340998,-0.5387887330210206,-0.28919977713801653,-0.770481550307315
1,0,0.34350936840713653,-0.3408918605976135,0.8489425005248129,-0.9695050611655915,-0.6918340993616025
1,0,-1.3520020585755685,-1.2841874353210452,1.2375072459176464,-1.389693618947329,0.7238200176612238
0,1,1.9392848290967462,2.0173470762110037,-0.35560821019297056,0.10097531223073951,-1.5254970793861558
1,0,0.6925852504329842,0.19813418210150666,3.6854651418924966,-2.340120118691735,0.9597623704983616
1,0,-1.750945923747978,-1.6884569673453949,-0.5332378080868373,0.1810112279986892,-0.33005582501132463
1,0,0.34350936840713653,0.6697819694632224,-0.5720942826261206,0.4911504015994956,0.17328786104123584
1,0,-1.7010779406014163,-1.6210787120079904,-0.4444230091399039,0.02093939646278981,-0.188490413309042
0,1,-1.3520020585755685,-1.0820526693089085,0.33270648164576283,-0.7093883349197543,-0.7862110404964575
1,0,0.4432453347002318,0.33289069277627714,0.17172965855444616,0.01093490699179592,-0.45589174652446474
0,1,-0.953058193403159,-1.216809179983679,-1.093881226439354,0.8112940646712958,-0.8491290012530276
0,1,0.8421891998726413,0.535025458788452,-0.08361288841798721,0.13098878064372046,0.6137135863372263
0,1,0.6427172672864507,0.7371602248006268,0.7712295514462463,-0.9294871032816167,-1.163718805035878
1,0,-0.0055665136187112016,0.7371602248006268,-0.6331544569021372,0.7812805962583141,1.1170572723897867
1,0,0.09416945267438409,-0.5430266266097884,-0.6053998322312206,0.34108305953458934,-1.3210137069273031
0,1,0.34350936840713653,-0.3408918605976135,-0.3833628348638872,0.8713210014972584,-1.3682021774947306
0,0,1.989152812243308,2.152103586885774,-0.12246936295727055,0.31106959112160837,-0.188490413309042
1,0,-0.4543783619376542,0.26551243743887276,-0.18908046216747057,0.6112042752514208,1.0698688018223592
1,0,0.34350936840713653,0.13075592676410228,-0.844089604401104,1.0614063014461395,-0.3929737857678947
1,0,-1.2023981091359115,-1.1494309246462746,-0.7164183309148873,0.7012446804903645,1.3058111546594968
1,0,-0.15517046305836832,-0.5430266266097884,-0.6498072317046872,0.04094837540477688,0.5036071550132286
0,1,1.0915291156053937,0.06337767142673618,0.18283150842281282,-0.5393120139128602,-1.4311201382513006
1,0,-1.3520020585755685,-1.3515656906584494,-0.660909081573054,0.6512222331353957,-0.5502686876593198
1,0,-1.3520020585755685,-1.2841874353210452,0.14952595881771283,-0.42926262973192886,0.7552789980395088
0,1,1.0915291156053937,0.8719167354753973,-0.16132583749655388,-0.3392222244929853,-0.2671378642547546
1,0,0.7923212167261079,0.26551243743887276,-0.12246936295727055,0.11097980170173341,0.9283033901200766
1,0,-0.30477441249802545,-0.8799179032967337,0.7878823262487963,-0.9194826138106228,0.9912213508766465
1,0,-1.4517380248686638,-1.3515656906584494,-1.060575676834254,1.801738522299677,0.849655939174364
0,0,1.8894168459502128,1.9499688208735992,0.17172965855444616,-0.4192581402609357,0.6137135863372263
1,0,-0.5541143282307779,0.33289069277627714,0.9877156238793963,-1.3096577031793792,-1.4311201382513006
0,0,0.5928492841398889,0.4676472034510476,1.1542433719048963,-1.269639745295404,-1.1479893148467355
1,0,0.2437734021140412,-0.47564837127238396,-0.35560821019297056,0.6812357015483766,-0.21994939368732705
1,0,-0.1053024799118065,-0.4082701159350179,0.5047851546054462,-0.759410782274723,-0.8648584914421701
1,0,0.04430146952785062,0.9392949908127634,1.0543267230895963,-1.069549955875529,-0.5817276680376049
0,1,-0.953058193403159,-0.7451613926219632,1.4706460931533463,-1.4897385136572663,0.15755837085209332
0,1,-1.3021340754290351,-1.014674413971504,-0.37226098499552057,0.20102020694067702,0.6609020569046538
1,0,-0.8034542439635303,-1.2841874353210452,-1.443589497292904,1.3115185382209833,-1.5569560597644407
1,0,-0.7037182776704066,-0.13875709458543867,0.02740561026567947,-0.9795095506365854,0.07891091990638074
1,0,-1.2522660922824733,-0.8125396479593293,0.26609538243556285,-0.5092985454998793,0.912573899930934
1,0,-0.0055665136187112016,0.33289069277627714,-0.7053164810465207,1.2414871119240267,0.5350661353915137
0,1,1.0915291156053937,0.33289069277627714,-0.1779786122991039,0.04094837540477688,0.04745193952809571
1,0,0.9419251661657366,0.8719167354753973,-0.2112841619042039,0.08096633328875173,-0.770481550307315
1,0,0.4432453347002318,0.4676472034510476,-0.33340451045623726,0.3310785700635955,1.463106056550922
0,1,-1.3520020585755685,-1.0820526693089085,-0.10026566322053722,-0.17915039295708515,-0.33005582501132463
1,0,-0.6538502945238731,-0.3408918605976135,-0.5165850332842873,0.0009304175208020274,0.8181969587960789
1,0,1.1413970987519555,0.7371602248006268,0.5047851546054462,-0.4392671192029228,1.1799752331463567
1,0,0.1440374358209459,0.7371602248006268,0.3715629561850462,-0.9094781243396293,0.7552789980395088
0,1,-0.6039823113773113,-0.0040005839106682,-1.3547746983459708,1.2715005803370083,-0.5345391974701773
1,0,0.04430146952785062,-0.2735136052602091,0.5713962538156462,-0.5493165033838542,-0.8648584914421701
1,0,1.1912650818984891,0.13075592676410228,-1.043922902031704,0.5111593805414834,0.9440328803092191
0,0,-0.5541143282307779,-0.5430266266097884,-0.8884970038745706,1.0714107909171333,-0.031195511417616863
0,1,0.6427172672864507,-0.07137883924807259,-0.2112841619042039,-0.04909202983416672,-1.2738252363598754
1,0,0.293641385260603,0.4002689481136815,2.1756135597946296,-1.7998776872580728,-1.3210137069273031
1,0,1.7398128965105557,1.545699288849288,-0.7497238805199873,0.8613165120262646,1.3372701350377818
1,0,1.1912650818984891,1.2088080121623426,0.6047018034207462,-0.9995185295785729,0.22047633160866337
1,0,-0.9031902102566255,-1.2841874353210452,-0.8884970038745706,2.231931569552408,0.6451725667155113
1,0,2.03902079538987,2.2194818422231783,-0.5609924327577539,0.5511773384254582,1.2586226840920693
0,1,-0.0055665136187112016,0.9392949908127634,1.398484069008963,-1.5897834083672038,1.651859938820632
1,0,-0.055434496765273025,0.8719167354753973,-0.9329044033480374,1.2314826224530329,0.9283033901200766
0,1,0.34350936840713653,0.4676472034510476,-1.0883303015051706,1.161451196156077,1.620400958442347
1,0,-0.2050384462049018,0.6024037141258181,-0.37226098499552057,0.09097082275974562,0.4564186844458011
0,1,1.1413970987519555,1.2088080121623426,-0.4222193094031706,-0.42926262973192886,1.400188095794352
0,1,0.5928492841398889,0.26551243743887276,0.8766971251957296,-0.9995185295785729,0.18901735123037833
0,0,-1.2023981091359115,-1.216809179983679,2.9527430505802967,-2.1500348187428537,0.5665251157697987
1,0,-0.8533222271100637,-1.014674413971504,0.3715629561850462,-0.6393569086227977,-0.644645628794175
1,0,1.241133065045051,0.26551243743887276,-0.6886637062439707,0.8212985541422897,0.1418288806629508
0,0,-0.4543783619376542,-0.0040005839106682,-0.5998489072970373,0.9513569172652081,1.5260240173074922
1,0,0.49311331784679363,1.4109427781745174,-0.8995988537429374,0.991374875149183,-0.9435059423878827
0,0,-1.2522660922824733,-0.47564837127238396,-0.4444230091399039,0.9713658962071959,1.463106056550922
1,0,1.2910010481916128,0.19813418210150666,0.5713962538156462,-0.6793748665067726,-0.4087032759570372
1,0,-2.199757772066921,-2.5643742867314603,-0.6387053818363206,0.25104265429564576,-0.7862110404964575
1,0,-0.1053024799118065,-0.5430266266097884,0.18283150842281282,-0.45927609814491055,0.7867379784177939
1,0,0.7424532335795461,0.26551243743887276,2.1034515356502466,-1.8198866662000601,-1.5569560597644407
1,0,0.1939054189674794,-0.5430266266097884,1.181997996575813,-1.0995634242885104,-0.8805879816313127
1,0,-0.5541143282307779,0.06337767142673618,-0.4055665346006206,0.25104265429564576,1.2428931939029269
1,0,-1.0029261765497208,-1.3515656906584494,-0.5887470574286706,-0.07910549824714767,-0.33005582501132463
1,0,-0.6039823113773113,-0.13875709458543867,-0.43332115927153725,-0.059096519305160605,0.5193366452023711
1,0,0.1939054189674794,1.0066732461501677,-0.2612424863118539,0.4611369331865146,0.6451725667155113
1,0,-0.4543783619376542,0.06337767142673618,-1.127186776044454,2.13188667484247,-0.21994939368732705
0,1,-0.1053024799118065,-0.2735136052602091,-1.1549414007153707,1.0213883435621647,-0.15703143293075697
0,1,-0.6538502945238731,-0.6104048819471545,-0.6442563067705039,0.9513569172652081,1.4473765663617795
1,0,0.7424532335795461,0.4002689481136815,-0.2723443361802206,0.8112940646712958,-0.42443276614617975
0,1,-1.3021340754290351,-0.6104048819471545,0.23834075776464617,-0.4092536507899418,1.1327867625789292
1,0,1.2910010481916128,1.613077544186654,0.49368330473707955,-0.6993838454487604,-1.4625791186295858
0,1,-0.953058193403159,-1.2841874353210452,-0.48327948367918727,0.08096633328875173,-0.8176700208747426
1,0,-1.102662142842816,-1.8232134780201652,-0.5609924327577539,0.45113244371552075,-1.651333000899296
1,0,-1.2023981091359115,-1.1494309246462746,1.5372571923635463,-1.1195724032304977,-0.031195511417616863
0,0,1.1912650818984891,1.2761862674997086,-0.960659028018954,0.7312581489033454,0.849655939174364
1,0,1.6400769302174603,1.7478340548614628,-0.4222193094031706,0.401109996360552,0.5036071550132286
1,0,-0.2050384462049018,-0.7451613926219632,-0.6498072317046872,1.3215230276919772,0.18901735123037833
1,0,0.293641385260603,0.4676472034510476,1.1708961467074464,-0.9394915927526102,0.9912213508766465
1,0,-0.7535862608169684,-0.6777831372845589,-0.44997393407408726,0.48114591212850166,1.7147778995772023
1,0,-2.2994937383600447,-2.8338873080810014,-0.7330711057174373,1.0714107909171333,1.3215406448486393
1,0,2.088888778536403,2.2868600975605444,-0.6553581566388706,0.34108305953458934,-0.8176700208747426
0,0,-1.4517380248686638,-1.216809179983679,-0.06696011361543722,0.2210291858826648,1.431647076172637
1,0,0.04430146952785062,-0.0040005839106682,-0.15577491256237055,0.17100673852769604,1.2271637037137844
1,0,0.1939054189674794,0.06337767142673618,0.02740561026567947,0.1910157174696831,1.1957047233354994
1,0,0.1939054189674794,1.2088080121623426,-0.744172955585804,0.791285085729308,-0.7862110404964575
1,0,1.0915291156053937,0.7371602248006268,-0.8052331298618206,1.3715454750469458,0.5036071550132286
1,0,-0.6039823113773113,-0.8799179032967337,0.28829908217229616,-0.8894691453976414,-0.6289161386050324
0,1,-0.7535862608169684,-0.9472961586340998,-0.8607423792036539,1.4415769013439017,-1.0064239031444528
0,1,-0.9031902102566255,-1.5537004566706243,2.29218298341248,-1.8398956451420476,-0.23567888387646954
1,0,-0.2549064293514636,-0.07137883924807259,-0.760825730388354,1.1714556856270708,-0.7862110404964575
1,0,0.1939054189674794,-0.0040005839106682,1.2763637204569296,-1.389693618947329,-1.1008008442793078
0,1,-2.249625755213483,-2.6991307974062306,0.5658453288814629,-0.3392222244929853,-1.3682021774947306
0,1,0.34350936840713653,1.1414297568249383,0.8989008249324629,-0.9194826138106228,-1.0064239031444528
0,1,-0.1053024799118065,-0.47564837127238396,0.5602944039472796,-0.8894691453976414,1.620400958442347
1,0,-0.5541143282307779,-0.0040005839106682,1.415136843811513,-1.2796442347663979,0.09464041009552325
1,0,1.241133065045051,1.0066732461501677,0.8933498999982796,-1.0495409769335415,0.39350072368923106
1,0,0.293641385260603,0.06337767142673618,0.010752835463129468,0.20102020694067702,-1.3367431971164456
0,1,-1.3520020585755685,-1.1494309246462746,0.3105027819090295,-0.7794197612167101,-1.2423662559815905
1,0,-1.3021340754290351,-0.8799179032967337,-0.760825730388354,0.02093939646278981,0.09464041009552325
0,1,1.3408690313381462,0.33289069277627714,-0.7830294301250873,0.7312581489033454,-0.5974571582267474
0,0,-0.7535862608169684,-0.20613534992284305,0.12177133414679615,-0.46928058761590447,1.5732124878749196
1,0,-1.1525301259893779,-0.8799179032967337,-0.3611591351271539,0.6812357015483766,1.2586226840920693
1,0,0.49311331784679363,1.0066732461501677,0.11066948427842949,-0.8194377191006853,1.368729115416067
1,0,-0.3546423956445589,-0.6104048819471545,1.4206877687456962,-1.5297564715412415,1.2428931939029269
0,1,-0.8034542439635303,-0.3408918605976135,-0.13912213775982055,-0.11912345613112324,0.31485327274351843
1,0,-1.5514739911617874,-1.48632220133322,0.1772805834886295,-0.49929405602888544,-0.09411347217418692
1,0,1.7398128965105557,1.0740515014875722,-0.9884136526898707,0.6512222331353957,-0.7232930797398875
0,1,1.540340963924365,1.7478340548614628,0.15507688375189616,-0.7093883349197543,0.3777712335000885
1,0,0.293641385260603,-0.4082701159350179,-0.5387887330210206,0.3210740805926023,-0.188490413309042
0,1,0.293641385260603,0.26551243743887276,-0.7330711057174373,1.1114287488011083,0.7710084882286514
1,0,0.34350936840713653,1.2761862674997086,-0.6664600065072372,0.771276106787321,1.1170572723897867
0,1,0.34350936840713653,0.4002689481136815,-0.18908046216747057,-0.4392671192029228,-0.04692500160675938
1,0,-1.2522660922824733,-0.7451613926219632,0.8711462002615462,-0.9094781243396293,0.39350072368923106
1,0,-0.2050384462049018,0.6024037141258181,-0.5054831834159206,0.6312132541934079,1.3844586056052095
1,0,1.1413970987519555,1.0066732461501677,0.021854685331496135,-0.6893793559777665,-1.0850713540901653
0,1,0.09416945267438409,-0.13875709458543867,-0.2889971109827706,-0.07910549824714767,0.22047633160866337
1,0,-0.7535862608169684,-1.216809179983679,-0.4888304086133706,0.7512671278453332,-1.415390648062158
1,0,-1.3021340754290351,-1.1494309246462746,-0.41111745953480394,0.20102020694067702,-1.4940380990078708
0,1,-0.2050384462049018,-0.7451613926219632,0.16062780868607948,-0.46928058761590447,-0.4873507269027498
0,1,0.5928492841398889,0.06337767142673618,0.7046184522360462,-0.5092985454998793,-1.1165303344684503
0,1,1.8894168459502128,1.6804557995240583,-0.960659028018954,0.5111593805414834,0.5507956255806562
1,0,-0.3546423956445589,0.535025458788452,-0.3112008107195039,0.35108754900558325,-1.4625791186295858
1,0,-0.7535862608169684,-0.3408918605976135,-0.6165016820995873,0.35108754900558325,-0.33005582501132463
1,0,0.2437734021140412,-0.47564837127238396,0.1939333582911795,-0.6493613980937917,-0.10984296236332944
1,0,-0.5541143282307779,0.13075592676410228,-0.710867405980704,0.6512222331353957,1.4788355467400645
1,0,0.5928492841398889,0.4676472034510476,-0.12246936295727055,-0.059096519305160605,-0.015466021228474349
1,0,0.04430146952785062,1.0066732461501677,-0.4721776338108206,1.2414871119240267,-0.2828673544438971
1,0,-1.3021340754290351,-0.9472961586340998,-0.35005728525878727,0.23103367535365796,-0.015466021228474349
1,0,0.3933773515536983,0.8719167354753973,1.348525744601313,-1.3096577031793792,0.12609939047380828
1,0,-0.7535862608169684,-0.20613534992284305,-0.5665433576919373,0.2610471437666396,0.18901735123037833
0,0,0.4432453347002318,0.33289069277627714,-0.15022398762818723,0.1209842911727273,-0.9277764521987402
0,1,-0.40451037879112073,-1.0820526693089085,-0.794131279993454,0.8513120225552707,-1.619874020521011
1,0,-1.1525301259893779,-1.8905917333575697,-0.8163349797301873,0.3010651016506145,1.400188095794352
1,0,1.540340963924365,0.8719167354753973,-0.7552748054541706,1.561630774995827,0.6609020569046538
1,0,0.293641385260603,0.6024037141258181,-0.37226098499552057,0.7612716173163271,-0.5188097072810348
0,0,-0.8034542439635303,-1.216809179983679,0.40486850579014616,-0.7394018033327352,-1.5412265695752982
1,0,0.34350936840713653,0.535025458788452,-0.23903878657512057,0.6412177436644018,-0.2828673544438971
1,0,0.6925852504329842,0.4676472034510476,2.4975672059772633,-1.8198866662000601,-1.3996611578730156
1,0,-0.6039823113773113,-0.13875709458543867,-0.16687676243073724,-0.37924018237696017,-0.8019405306856001
0,1,0.6427172672864507,-0.0040005839106682,0.8711462002615462,-0.759410782274723,1.4788355467400645
1,0,-1.3021340754290351,-1.014674413971504,-0.944006253216404,1.3215230276919772,-1.0221533933335953
1,0,0.6427172672864507,0.535025458788452,-0.8773951540062039,0.791285085729308,-1.1794482952250205
1,0,-1.0029261765497208,-1.0820526693089085,2.064595061110963,-1.7998776872580728,-1.4940380990078708
1,0,-0.6538502945238731,-0.13875709458543867,-0.9662099529531373,1.0514018119751456,0.04745193952809571
1,0,0.1939054189674794,-0.20613534992284305,-0.8607423792036539,0.5111593805414834,0.8024674686069364
0,1,-1.2023981091359115,-1.0820526693089085,0.39931758085596286,-0.8994736348686354,-0.9435059423878827
1,0,-1.5514739911617874,-1.48632220133322,0.0995676344100628,-0.18915488242807907,0.42495970406751604
1,0,-1.2522660922824733,-1.1494309246462746,-0.8385386794669206,0.8613165120262646,-1.2738252363598754
1,0,-2.249625755213483,-2.766509052743635,0.0163037603973128,-0.37924018237696017,-1.5097675891970133
1,0,0.6427172672864507,0.33289069277627714,-1.1216358511102706,1.2715005803370083,-0.031195511417616863
0,1,0.49311331784679363,0.26551243743887276,1.4095859188773296,-1.4997430031282604,0.5350661353915137
0,1,1.7398128965105557,1.0740515014875722,0.18838243335699617,-0.5993389507388229,0.40923021387837355
0,1,0.8421891998726413,0.7371602248006268,0.4381740553952462,-0.3292177350219914,0.11036990028466577
1,0,-0.953058193403159,-0.7451613926219632,-1.2548580495306707,1.0614063014461395,0.0002634689606681657
1,0,1.8894168459502128,1.815212310198829,-0.694214631178154,0.17100673852769604,1.2900816644703543
0,1,-0.40451037879112073,-1.014674413971504,-0.3611591351271539,0.7212536594323522,0.3777712335000885
1,0,-0.5541143282307779,-0.8799179032967337,-0.8329877545327373,0.4911504015994956,-0.6131866484158899
0,1,-1.1525301259893779,-0.7451613926219632,-0.044756413878703875,0.8313030436132829,-0.37724429557875216
0,0,1.390737014484708,1.545699288849288,-1.127186776044454,1.751716074944708,1.2428931939029269
1,0,0.2437734021140412,0.13075592676410228,1.248609095786013,-1.4097025978893167,-1.2738252363598754
0,1,0.2437734021140412,0.8719167354753973,-0.1779786122991039,0.34108305953458934,-1.0536123737118803
0,1,2.03902079538987,2.354238352897949,0.26609538243556285,-0.6393569086227977,0.0002634689606681657
0,1,1.1413970987519555,0.6697819694632224,-0.8607423792036539,0.9713658962071959,1.3215406448486393
0,0,-1.1525301259893779,-0.8125396479593293,-0.3889137597980706,0.37109652794757103,-0.188490413309042
0,1,-0.8034542439635303,-0.47564837127238396,-0.23903878657512057,0.5611818278964521,0.330582762932661
0,0,-0.5541143282307779,0.4002689481136815,-0.11136751308890389,-0.11912345613112324,1.651859938820632
1,0,0.34350936840713653,0.7371602248006268,-0.6220526070337706,1.0313928330331579,0.4564186844458011
1,0,0.8920571830192031,-0.2735136052602091,-0.5332378080868373,0.27105163323763354,1.9349907622251974
0,1,-0.9031902102566255,-1.48632220133322,0.2438916826988295,-0.3392222244929853,1.2114342135246419
0,1,0.09416945267438409,-0.2735136052602091,-0.2667934112460372,0.1810112279986892,-1.0536123737118803
1,0,-0.6039823113773113,-0.07137883924807259,-1.2160015749913873,0.7412626383743393,1.6046714682532046
1,0,1.3408690313381462,0.8045384801379929,0.0329565351998628,-0.4892895665578915,0.31485327274351843
0,1,-0.6538502945238731,-0.4082701159350179,-0.910700703611304,0.8313030436132829,0.7710084882286514
1,0,1.1413970987519555,1.2088080121623426,-0.5776452075603039,0.48114591212850166,-0.15703143293075697
0,1,0.5429813009933554,0.6697819694632224,-0.6997655561123373,0.6612267226063896,-1.226636765792448
0,1,-0.40451037879112073,-0.8125396479593293,-0.20018231203583722,-0.25918630872503556,0.01599295914981068
0,0,0.5928492841398889,0.6024037141258181,0.32715555671157953,-0.4092536507899418,-0.5817276680376049
1,0,-1.0527941596962826,-0.8125396479593293,0.7878823262487963,-0.8294422085716792,-0.21994939368732705
0,0,1.839548862803651,1.2761862674997086,-1.1493904757811872,1.2715005803370083,-0.6603751189833175
0,0,-1.3021340754290351,-0.7451613926219632,0.5880490286181962,-0.9194826138106228,1.3844586056052095
1,0,-1.2522660922824733,-0.7451613926219632,0.3160537068432128,-0.9294871032816167,-1.619874020521011
1,0,-0.4543783619376542,-0.7451613926219632,0.4326231304610629,-0.7694152717457169,1.8091548407120572
1,0,-0.7535862608169684,-0.0040005839106682,-0.2612424863118539,0.1209842911727273,-1.3996611578730156
1,0,-0.5042463450842161,0.13075592676410228,-0.1280202878914539,-0.46928058761590447,-0.09411347217418692
1,0,-1.2023981091359115,-0.8125396479593293,-0.0003490144052372012,0.02093939646278981,-0.5659981778484624
1,0,0.5928492841398889,0.4676472034510476,0.7601277015778796,-0.759410782274723,-0.15703143293075697
1,0,0.1440374358209459,0.9392949908127634,0.02740561026567947,0.16100224905670216,-0.1727609231198995
1,0,1.2910010481916128,1.613077544186654,-0.8496405293352873,0.5811908068384392,-1.1008008442793078
1,0,-0.3546423956445589,-0.47564837127238396,-1.1882469503204707,2.2019181011394267,-0.9592354325770253
1,0,1.8894168459502128,1.7478340548614628,1.0876322726946963,-1.4097025978893167,0.7238200176612238
1,0,-0.3546423956445589,0.4002689481136815,-0.3278535855220539,0.5111593805414834,-0.015466021228474349
1,0,1.6400769302174603,1.0740515014875722,-0.13912213775982055,-0.5293075244418664,0.34631225312180347
1,0,-0.8034542439635303,0.06337767142673618,2.147858935123713,-1.629801366251179,-0.3929737857678947
1,0,-1.5016060080152256,-1.1494309246462746,-0.2612424863118539,0.8112940646712958,0.4564186844458011
1,0,-0.40451037879112073,-1.0820526693089085,-0.16687676243073724,-0.059096519305160605,-1.6985214714667234
0,1,-1.3021340754290351,-1.2841874353210452,0.4492759052636129,-0.8794646559266479,0.5507956255806562
1,0,0.09416945267438409,-0.6104048819471545,-0.33340451045623726,0.7012446804903645,-1.3524726873055881
1,0,-0.5042463450842161,0.19813418210150666,-0.1779786122991039,-0.3292177350219914,1.0226803312549315
1,0,-0.5042463450842161,-1.1494309246462746,-0.5443396579552039,0.401109996360552,-0.9435059423878827
0,1,0.3933773515536983,0.6697819694632224,0.22723890789627949,-0.3392222244929853,0.01599295914981068
1,0,-0.953058193403159,-1.7558352226827991,0.38266480605341285,-0.6093434402098168,1.3372701350377818
1,0,-0.5042463450842161,0.19813418210150666,0.07181300973914614,-0.009074071950191864,0.09464041009552325
0,1,0.4432453347002318,0.4676472034510476,0.8711462002615462,-1.269639745295404,-0.5030802170918923
1,0,0.04430146952785062,-0.6104048819471545,-0.33895543539042056,0.6912401910193705,0.12609939047380828
1,0,0.09416945267438409,0.9392949908127634,-0.2445897115093039,0.3610920384765771,-0.20421990349818453
1,0,0.34350936840713653,1.1414297568249383,-0.4388720842057206,0.6112042752514208,-1.4625791186295858
0,1,0.1440374358209459,0.8045384801379929,1.3540766695354962,-1.4397160663022976,0.4878776648240861
0,1,0.7424532335795461,0.26551243743887276,-0.2945480359169539,-0.03908754036317282,0.5665251157697987
1,0,0.1939054189674794,0.33289069277627714,1.548359042231913,-1.4897385136572663,-1.4783086088187283
0,1,-1.4018700417221304,-1.014674413971504,-0.6331544569021372,0.5811908068384392,0.01599295914981068
1,0,-0.7037182776704066,-0.3408918605976135,1.0598776480237797,-0.9795095506365854,-1.0536123737118803
0,1,0.9419251661657366,-0.2735136052602091,-0.8551914542694706,0.5811908068384392,1.7147778995772023
1,0,-0.5541143282307779,0.06337767142673618,1.1708961467074464,-1.4997430031282604,0.7552789980395088
1,0,-0.40451037879112073,0.4002689481136815,-0.9384553282822207,2.191913611668433,-1.0378828835227378
0,1,1.8894168459502128,1.7478340548614628,-0.7386220306516207,0.7112491699613583,0.849655939174364
1,0,-1.2522660922824733,-0.9472961586340998,-0.8385386794669206,0.8212985541422897,1.494565036929207
0,1,-0.5042463450842161,-0.0040005839106682,-1.0994321513735374,1.8917789275386203,0.28339429236523345
0,1,-2.249625755213483,-2.6991307974062306,-1.1826960253862873,1.0814152803881265,-1.415390648062158
1,0,1.1912650818984891,1.2761862674997086,1.8203543640068964,-1.4097025978893167,0.20474684141952085
1,0,0.1440374358209459,0.33289069277627714,-0.09471473828635388,-0.08910998771814158,1.7147778995772023
1,0,0.6925852504329842,0.535025458788452,-1.410283947687804,2.2619450379653894,1.1799752331463567
0,1,1.8894168459502128,1.6804557995240583,4.468145557612346,-2.4801829712856476,0.5979840961480837
0,1,0.34350936840713653,0.4002689481136815,-1.0550247519000706,1.4515813908148956,-1.3996611578730156
1,0,-1.102662142842816,-0.8799179032967337,-0.7497238805199873,0.4211189753025398,-0.7232930797398875
1,0,0.1939054189674794,-0.13875709458543867,-1.093881226439354,1.2514916013950206,-0.6289161386050324
0,1,-0.953058193403159,-0.7451613926219632,-1.1327377009786372,1.0413973225041517,0.03172244933895319
1,0,-1.2522660922824733,-0.9472961586340998,0.7323730769069628,-1.0595454664045354,0.4406891942566586
0,1,-0.953058193403159,-1.418943945995854,-0.23903878657512057,0.0009304175208020274,-1.6985214714667234
1,0,-1.2522660922824733,-0.9472961586340998,0.4548268301977962,-1.1095679137595043,-1.6985214714667234
0,1,-1.0527941596962826,-1.48632220133322,-0.4943813335475539,0.35108754900558325,-0.031195511417616863
0,1,0.8421891998726413,0.535025458788452,0.7323730769069628,-0.8394466980426727,0.4564186844458011
1,0,-0.0055665136187112016,0.8719167354753973,-0.10581658815472055,-0.07910549824714767,-1.0221533933335953
0,1,-0.30477441249802545,-0.6777831372845589,2.2200209592680964,-2.0199764556199353,1.5102945271183497
0,1,0.34350936840713653,0.4676472034510476,-0.8995988537429374,0.6712312120773835,-1.1322598246575928
1,0,1.1912650818984891,1.3435645228371131,0.1273222590809795,-0.20916386137006684,-1.5412265695752982
1,0,-1.2023981091359115,-0.8799179032967337,0.07181300973914614,0.23103367535365796,-1.2738252363598754
1,0,1.540340963924365,1.613077544186654,-0.7330711057174373,0.1209842911727273,-0.015466021228474349
1,0,-0.953058193403159,-1.014674413971504,-0.22793693670675388,0.9413524277942142,-1.619874020521011
0,1,-1.0029261765497208,-1.6210787120079904,1.4040349939431462,-1.3996981084183229,0.17328786104123584
1,0,-0.30477441249802545,-0.5430266266097884,0.07181300973914614,-0.25918630872503556,-1.1165303344684503
0,1,-0.5541143282307779,-0.5430266266097884,0.23278983283046284,-0.3292177350219914,-0.10984296236332944
0,1,-1.2023981091359115,-0.9472961586340998,-0.8329877545327373,0.9013344699102395,-1.163718805035878
1,0,0.1939054189674794,1.2088080121623426,-0.9551081030847707,1.7217026065317271,-1.5412265695752982
0,0,-0.9031902102566255,-1.0820526693089085,0.7712295514462463,-0.5393120139128602,-0.42443276614617975
1,0,0.09416945267438409,-0.5430266266097884,0.7101693771702295,-1.0095230190495668,-0.5188097072810348
1,0,-0.2549064293514636,-0.8125396479593293,2.3643450075568633,-1.9599495187939728,0.881114919552649
0,1,1.390737014484708,1.545699288849288,-0.6831127813097873,0.27105163323763354,2.0922856641166225
1,0,0.5928492841398889,1.545699288849288,-0.061409188681253876,-0.1591414140150981,-0.3615148053896097
0,0,1.1413970987519555,0.13075592676410228,-0.18352953723328722,-0.6193479296808106,-1.0221533933335953
1,0,-0.30477441249802545,-0.6104048819471545,4.895566777544463,-2.5802278659955853,-0.8019405306856001
0,0,-0.15517046305836832,-0.5430266266097884,-1.3159182238066873,1.551626285524833,-0.33005582501132463
0,0,0.7923212167261079,0.8045384801379929,-0.7996822049276373,0.6812357015483766,-0.20421990349818453
1,0,-1.3520020585755685,-0.8799179032967337,-0.40001560966643723,-0.3192132455509982,1.6990484093880598
1,0,-0.5541143282307779,0.19813418210150666,-0.5720942826261206,-0.09911447718913546,-1.195177785414163
1,0,0.49311331784679363,0.8719167354753973,-1.0550247519000706,0.7012446804903645,-0.5817276680376049
1,0,0.04430146952785062,-0.3408918605976135,0.0995676344100628,0.060957354346764664,-0.770481550307315
0,1,0.8920571830192031,-0.3408918605976135,1.0709794978921463,-0.9895140401075789,1.7619663701446298
0,1,-1.0527941596962826,-0.6777831372845589,5.08984915024088,-2.6102413344085664,-0.4087032759570372
0,1,-2.199757772066921,-2.5643742867314603,0.24944260763301282,-0.6393569086227977,-0.42443276614617975
0,1,0.7424532335795461,0.4002689481136815,4.95662695182048,-2.5802278659955853,0.28339429236523345
1,0,-1.3021340754290351,-1.3515656906584494,-1.0161682773607874,1.191464664569058,1.1957047233354994
0,1,0.34350936840713653,-0.3408918605976135,1.0765304228263297,-1.3296666821213665,0.0002634689606681657
1,0,0.293641385260603,-0.2735136052602091,0.8045351010513463,-0.7193928243907481,-0.8648584914421701
0,1,-1.102662142842816,-1.014674413971504,-0.4055665346006206,0.4711414226575085,-0.31432633482218214
1,0,-1.3021340754290351,-0.9472961586340998,-0.28344618604858723,-0.35923120343497306,-0.5817276680376049
0,1,1.1912650818984891,0.6024037141258181,-0.5776452075603039,0.23103367535365796,-0.3929737857678947
0,0,0.6427172672864507,0.4002689481136815,-0.06696011361543722,0.401109996360552,0.09464041009552325
0,1,0.1440374358209459,-0.47564837127238396,-0.8218859046643706,1.7917340328286828,1.5102945271183497
1,0,0.6925852504329842,0.7371602248006268,-0.2501406364434872,0.1910157174696831,0.5350661353915137
1,0,0.2437734021140412,1.3435645228371131,0.5935999535523795,-1.0495409769335415,-0.031195511417616863
1,0,-1.4517380248686638,-1.0820526693089085,-1.3048163739383207,1.351536496104958,0.7080905274720813
0,1,-0.1053024799118065,-0.20613534992284305,0.9211045246691962,-1.149585871643479,-0.07838398198504441
0,0,-0.9031902102566255,-0.8799179032967337,-0.10581658815472055,-0.42926262973192886,-1.0693418639010228
1,0,0.7923212167261079,0.535025458788452,2.3421413078201296,-1.8198866662000601,0.6294430765263688
0,0,-1.2023981091359115,-0.9472961586340998,-0.3278535855220539,-0.019078561421185754,-1.3996611578730156
0,1,-0.40451037879112073,0.26551243743887276,-1.1882469503204707,1.201469154040052,-1.163718805035878
0,1,0.1939054189674794,-0.47564837127238396,-0.710867405980704,0.16100224905670216,0.8181969587960789
1,0,-0.0055665136187112016,0.9392949908127634,-0.3056498857853206,-0.29920426660901045,1.1799752331463567
1,0,-0.7535862608169684,-0.3408918605976135,0.12177133414679615,-0.5193030349708732,-1.1479893148467355
0,1,-0.5042463450842161,-0.20613534992284305,-0.6720109314414207,0.4711414226575085,1.5889419780640621
1,0,-1.2023981091359115,-0.7451613926219632,-0.4999322584817373,0.771276106787321,1.5889419780640621
1,0,0.8421891998726413,0.4676472034510476,-0.2556915613776706,1.1114287488011083,-0.33005582501132463
0,1,0.1939054189674794,-0.2735136052602091,0.41597035565851287,-0.9695050611655915,0.8339264489852214
1,0,1.0915291156053937,0.535025458788452,0.7434749267753296,-0.7093883349197543,-0.8805879816313127
1,0,-0.055434496765273025,0.8719167354753973,-0.09471473828635388,0.571186317367446,0.7080905274720813
0,0,0.3933773515536983,0.33289069277627714,0.11066948427842949,0.01093490699179592,1.7619663701446298
1,0,-1.0527941596962826,-1.6210787120079904,0.8211878758538962,-1.0895589348175165,1.0698688018223592
0,1,-1.750945923747978,-1.7558352226827991,-1.0494738269658874,1.561630774995827,-0.6131866484158899
1,0,0.293641385260603,0.13075592676410228,0.08846578454169614,0.1910157174696831,-1.3996611578730156
1,0,1.839548862803651,1.8825905655362332,-0.9717608778873207,0.6312132541934079,-1.0064239031444528
0,1,0.9419251661657366,0.9392949908127634,-0.41111745953480394,-0.009074071950191864,0.7080905274720813
0,1,-0.055434496765273025,-0.6104048819471545,-0.14467306269400387,0.38110101741856417,1.2586226840920693
0,1,1.3408690313381462,1.0740515014875722,-0.2112841619042039,-0.11912345613112324,0.9912213508766465
1,0,-1.2023981091359115,-1.1494309246462746,1.1264887472339795,-1.2296217874114292,-1.4940380990078708
0,1,1.9392848290967462,2.084725331548408,0.7157203021044128,-0.559320992854848,0.4564186844458011
0,0,1.7896808796571175,1.7478340548614628,-0.5720942826261206,0.20102020694067702,0.03172244933895319
0,1,-0.5042463450842161,0.13075592676410228,0.13842410894934615,-0.009074071950191864,-0.1727609231198995
1,0,-0.5541143282307779,0.13075592676410228,-0.9828627277556873,1.3015140487499894,1.2114342135246419
1,0,-1.1525301259893779,-0.7451613926219632,0.6824147524993129,-1.189603829527454,-1.3996611578730156
0,1,0.49311331784679363,1.0740515014875722,-1.3214691487408707,1.5016038381698644,-1.5569560597644407
1,0,-0.7535862608169684,-0.2735136052602091,1.7870488144017964,-1.3096577031793792,0.34631225312180347
1,0,-1.102662142842816,-1.8232134780201652,1.7759469645334296,-1.5997878978381979,1.1013277822006442
0,1,1.7398128965105557,1.9499688208735992,0.4381740553952462,-0.959500571694598,0.34631225312180347
0,1,-1.2522660922824733,-0.8125396479593293,-0.3778119099297039,1.2314826224530329,0.6923610372829389
0,0,-0.3546423956445589,-0.8125396479593293,0.5380907042105462,-0.4492716086739167,1.1327867625789292
1,0,-0.9031902102566255,-1.48632220133322,-0.6109507571654039,0.6912401910193705,0.1418288806629508
1,0,-1.2522660922824733,-0.9472961586340998,0.3160537068432128,-0.28919977713801653,-1.226636765792448
1,0,0.49311331784679363,1.2761862674997086,-0.4721776338108206,0.1910157174696831,-1.1794482952250205
1,0,-0.40451037879112073,-0.8799179032967337,-0.2612424863118539,-0.21916835084106073,-0.2671378642547546
1,0,-0.7037182776704066,-0.2735136052602091,-1.0328210521633374,2.2519405484943955,-1.5569560597644407
0,0,-0.8533222271100637,-0.7451613926219632,0.9266554496033795,-0.8194377191006853,-1.5726855499535832
1,0,0.6925852504329842,0.4676472034510476,-0.6331544569021372,0.5111593805414834,-1.5884150401427257
1,0,-1.102662142842816,-1.014674413971504,-0.5054831834159206,0.0009304175208020274,1.3215406448486393
1,0,-0.2549064293514636,0.535025458788452,0.1772805834886295,-0.17915039295708515,-0.5345391974701773
1,0,1.3408690313381462,1.4109427781745174,1.2430581708518296,-1.349675661063354,1.1957047233354994
0,1,0.34350936840713653,1.2761862674997086,-0.960659028018954,1.5116083276408583,-1.1322598246575928
1,0,-0.953058193403159,-1.1494309246462746,-0.2445897115093039,-0.12912794560211643,1.2586226840920693
0,0,0.9419251661657366,0.6024037141258181,0.28274815723811286,-0.5693254823258419,-0.031195511417616863
1,0,0.49311331784679363,1.4783210335118835,0.34935925644831284,-0.4092536507899418,-0.644645628794175
1,0,-0.8533222271100637,-0.0040005839106682,-0.5387887330210206,0.3911055068895581,0.03172244933895319
1,0,-1.1525301259893779,-1.8905917333575697,-0.11691843802308721,-0.4192581402609357,1.368729115416067
1,0,-0.2050384462049018,-0.5430266266097884,-0.6498072317046872,-0.019078561421185754,1.7462368799554873
1,0,0.04430146952785062,0.9392949908127634,0.6713129026309462,-0.8594556769846605,-1.1008008442793078
0,1,1.9392848290967462,2.152103586885774,-0.6498072317046872,0.801289575200302,1.6833189191989173
1,0,1.540340963924365,0.8045384801379929,-0.5776452075603039,0.01093490699179592,1.7462368799554873
1,0,-1.7010779406014163,-1.7558352226827991,-0.8329877545327373,0.27105163323763354,-0.9435059423878827
0,1,-1.3021340754290351,-0.6777831372845589,-0.10581658815472055,-0.29920426660901045,0.6137135863372263
1,0,0.5429813009933554,0.4002689481136815,-0.677561856375604,0.7612716173163271,-1.5412265695752982
1,0,0.34350936840713653,0.535025458788452,0.6324564280916629,-0.8394466980426727,0.04745193952809571
1,0,-0.1053024799118065,-0.3408918605976135,0.0329565351998628,-0.7794197612167101,-1.415390648062158
0,0,-1.4517380248686638,-1.418943945995854,-0.9662099529531373,1.401558943459927,1.0384098214440742
1,0,-0.9031902102566255,-1.216809179983679,-0.5165850332842873,-0.17915039295708515,-0.73902256992903
1,0,0.8920571830192031,0.4002689481136815,-0.927353478413854,1.4715903697568833,-0.20421990349818453
1,0,-0.5042463450842161,-0.6104048819471545,-0.8052331298618206,0.5111593805414834,1.1170572723897867
1,0,-0.6039823113773113,-1.1494309246462746,0.5269888543421796,-1.2096128084694417,-1.5097675891970133
1,0,-0.0055665136187112016,-0.2735136052602091,-0.13912213775982055,0.4611369331865146,-0.15703143293075697
1,0,1.4406049976312414,1.4783210335118835,1.0543267230895963,-1.6398058557221726,-0.188490413309042
0,0,0.9419251661657366,0.6697819694632224,1.8425580637436296,-1.3996981084183229,0.3777712335000885
1,0,0.1440374358209459,-0.5430266266097884,-0.03920548894452054,0.02093939646278981,1.3529996252269245
0,0,-0.6039823113773113,0.13075592676410228,0.6879656774334962,-0.959500571694598,1.5889419780640621
1,0,0.4432453347002318,0.4002689481136815,-0.005899939339420535,-0.3292177350219914,-1.651333000899296
0,1,1.1413970987519555,0.9392949908127634,-0.3056498857853206,-0.04909202983416672,-1.3524726873055881
1,0,-1.6512099574548829,-1.7558352226827991,-0.022552714141970538,-0.5393120139128602,0.09464041009552325
1,0,0.6427172672864507,0.6697819694632224,-0.6720109314414207,0.1910157174696831,1.5732124878749196
1,0,-0.1053024799118065,0.33289069277627714,-0.23903878657512057,-0.11912345613112324,1.6833189191989173
1,0,0.4432453347002318,0.6024037141258181,2.5308727555823634,-1.9799584977359603,-0.04692500160675938
1,0,1.1912650818984891,0.8045384801379929,-0.4055665346006206,0.3911055068895581,0.6923610372829389
1,0,-1.3021340754290351,-0.8799179032967337,0.0329565351998628,-0.3092087560800043,0.2676648021760909
1,0,0.49311331784679363,-0.20613534992284305,-0.39446468473225393,0.20102020694067702,0.5193366452023711
1,0,-0.6039823113773113,-0.8125396479593293,-0.08916381335217055,0.44112795424452683,-0.8333995110638851
0,0,-0.7535862608169684,-0.4082701159350179,2.6196875545292966,-1.8999225819680103,-0.770481550307315
0,1,0.8920571830192031,0.8719167354753973,0.4714796050003462,-0.8394466980426727,0.5822546059589412
0,0,-0.5541143282307779,-0.47564837127238396,-0.910700703611304,0.27105163323763354,-0.7862110404964575
0,1,-0.15517046305836832,0.6697819694632224,-0.18352953723328722,0.27105163323763354,-0.3615148053896097
1,0,0.3933773515536983,1.1414297568249383,-0.6276035319679539,0.5511773384254582,-1.446849628440443
1,0,1.2910010481916128,0.33289069277627714,0.3160537068432128,-0.7193928243907481,1.3372701350377818
0,0,1.6899449133639939,1.1414297568249383,2.5086690558456297,-2.1000123713878853,-0.8648584914421701
1,0,1.390737014484708,1.613077544186654,-0.08916381335217055,-0.029083050892178934,2.0608266837383376
0,0,0.9419251661657366,0.19813418210150666,0.6324564280916629,-0.759410782274723,-0.12557245255247196
1,0,1.241133065045051,0.6697819694632224,0.0496093100024128,-0.1591414140150981,1.2586226840920693
1,0,1.0915291156053937,0.9392949908127634,2.4864653561088965,-2.0099719661489415,1.4473765663617795
1,0,1.0915291156053937,0.8719167354753973,-0.35560821019297056,0.8613165120262646,-0.06265449179590189
1,0,-1.102662142842816,-0.7451613926219632,-0.18352953723328722,-0.6493613980937917,-1.289554726549018
1,0,0.7923212167261079,0.535025458788452,0.13842410894934615,-0.589334461267829,0.6609020569046538
0,0,-0.7037182776704066,-1.1494309246462746,-0.8995988537429374,1.2114736435110458,1.1485162527680717
1,0,0.4432453347002318,0.535025458788452,0.8989008249324629,-0.959500571694598,-0.8333995110638851
1,0,-1.3520020585755685,-1.1494309246462746,-0.3778119099297039,-0.17915039295708515,-1.1165303344684503
0,0,1.839548862803651,1.9499688208735992,-0.4388720842057206,0.9813703856781891,-1.6670624910884384
1,0,-0.0055665136187112016,-0.47564837127238396,0.10511855934424615,-1.0295319979915543,0.9440328803092191
1,0,-1.5514739911617874,-1.6884569673453949,6.560844257799464,-3.0704478500742787,-1.415390648062158
1,0,0.09416945267438409,1.0740515014875722,2.5530764553190965,-1.8999225819680103,-1.3996611578730156
0,0,1.6899449133639939,1.545699288849288,1.2763637204569296,-1.2096128084694417,-1.0693418639010228
0,1,-0.9031902102566255,-0.6777831372845589,1.0210211734844963,-1.3396711715923602,0.9440328803092191
1,0,-1.2023981091359115,-1.1494309246462746,0.46592868006616284,-0.3092087560800043,-0.73902256992903
0,1,0.1939054189674794,-0.0040005839106682,0.11622040921261281,0.23103367535365796,1.2271637037137844
1,0,-1.0029261765497208,-1.5537004566706243,-0.6053998322312206,0.7312581489033454,-0.9277764521987402
0,1,0.09416945267438409,-0.3408918605976135,0.5047851546054462,-1.1695948505854665,-0.8963174718204552
1,0,1.7896808796571175,1.4783210335118835,0.8711462002615462,-0.9294871032816167,-1.619874020521011
1,0,-0.6039823113773113,-1.0820526693089085,-0.3667100600613373,0.11097980170173341,0.31485327274351843
1,0,-1.3021340754290351,-1.014674413971504,0.8489425005248129,-0.5693254823258419,-0.3929737857678947
0,1,0.8421891998726413,0.6697819694632224,-0.16132583749655388,0.7812805962583141,-1.2738252363598754
1,0,-1.0029261765497208,-1.5537004566706243,0.5769471787498296,-0.7694152717457169,1.4473765663617795
0,1,-0.40451037879112073,-1.0820526693089085,-0.05585826374707054,0.3010651016506145,-0.9120469620095977
1,0,0.09416945267438409,-0.3408918605976135,3.5744466432088298,-2.2200662450398103,-1.0850713540901653
1,0,0.6427172672864507,0.4002689481136815,-0.5720942826261206,0.4211189753025398,-0.5030802170918923
1,0,0.1440374358209459,0.7371602248006268,-0.8385386794669206,0.9413524277942142,0.31485327274351843
0,0,0.2437734021140412,-0.4082701159350179,-0.993964577624054,0.6212087647224147,-0.23567888387646954
0,0,1.839548862803651,1.6804557995240583,-0.10581658815472055,-0.4392671192029228,0.7238200176612238
1,0,0.5429813009933554,1.545699288849288,-0.2945480359169539,-0.5092985454998793,0.22047633160866337
0,0,-1.0029261765497208,-1.3515656906584494,-0.33340451045623726,1.0714107909171333,-0.5974571582267474
0,1,0.8421891998726413,0.6697819694632224,-1.3381219235434207,1.8117430117706708,0.9440328803092191
1,0,-0.7535862608169684,-0.2735136052602091,-0.6664600065072372,0.15099775958570827,-0.04692500160675938
1,0,-1.9005498731876351,-2.1601047547071106,0.6435582779600295,-0.8894691453976414,0.4406891942566586
0,1,0.1939054189674794,0.9392949908127634,-1.0383719770975206,1.7317070960027203,0.12609939047380828
0,1,0.7923212167261079,0.26551243743887276,-0.8995988537429374,0.4911504015994956,0.8339264489852214
1,0,0.2437734021140412,0.9392949908127634,0.09401670947587948,0.5311683594834704,-0.7862110404964575
1,0,-0.8533222271100637,-0.4082701159350179,-1.0161682773607874,0.5411728489544643,-0.188490413309042
0,1,1.1413970987519555,1.0066732461501677,-0.5221359582184706,0.48114591212850166,-0.67610460917246
0,0,0.5928492841398889,0.6024037141258181,1.4373405435482463,-1.7698642188450915,-0.770481550307315
0,1,-0.5042463450842161,-0.8125396479593293,-0.6720109314414207,0.571186317367446,1.5102945271183497
0,1,-1.9504178563341688,-2.0253482440323403,-0.08916381335217055,0.20102020694067702,0.881114919552649
1,0,-1.3520020585755685,-1.3515656906584494,-0.11691843802308721,-0.39924916131894794,-0.770481550307315
1,0,-2.0002858394807306,-2.227483010044515,2.097900610716063,-1.8999225819680103,0.29912378255437594
0,1,0.6427172672864507,0.535025458788452,-0.927353478413854,1.4215679224019147,-0.9277764521987402
0,0,1.540340963924365,0.8719167354753973,-0.2501406364434872,0.27105163323763354,1.7776958603337722
1,0,-1.3021340754290351,-1.0820526693089085,0.1772805834886295,-0.059096519305160605,-1.6985214714667234
1,0,1.0915291156053937,0.9392949908127634,-0.3445063603246039,0.17100673852769604,-1.4625791186295858
1,0,0.3933773515536983,0.4676472034510476,-0.07806196348380388,-0.059096519305160605,1.0541393116332167
1,0,-1.7010779406014163,-1.7558352226827991,-0.9495571781505874,0.5111593805414834,1.2114342135246419
0,1,-0.4543783619376542,0.06337767142673618,0.17172965855444616,-0.9094781243396293,1.856343311279485
1,0,0.1440374358209459,1.0066732461501677,0.0496093100024128,-0.7794197612167101,-1.3052842167381606
0,1,-1.2522660922824733,-0.8799179032967337,-0.977311802821504,1.361540985575952,1.3529996252269245
1,0,-0.8034542439635303,-0.3408918605976135,-0.10581658815472055,-0.18915488242807907,-0.031195511417616863
1,0,1.8894168459502128,2.084725331548408,5.317437072542397,-2.7002817396475103,-1.619874020521011
0,0,-0.5042463450842161,0.06337767142673618,2.8528264017649967,-2.029980945090929,0.4564186844458011
1,0,0.1939054189674794,-0.20613534992284305,1.115386897365613,-0.8894691453976414,0.07891091990638074
1,0,-0.5042463450842161,-0.0040005839106682,0.7379240018411463,-0.6793748665067726,0.5665251157697987
0,1,-1.5016060080152256,-1.2841874353210452,-1.0217192022949706,1.1414422172140892,-0.5030802170918923
1,0,0.5928492841398889,0.535025458788452,-1.6989320442653375,2.4620348273852635,-0.9906944129553102
1,0,-1.4517380248686638,-1.014674413971504,-0.3112008107195039,0.6912401910193705,1.494565036929207
1,0,0.9917931493122984,0.6024037141258181,0.13842410894934615,-0.09911447718913546,-1.4625791186295858
1,0,-1.3021340754290351,-1.0820526693089085,0.23834075776464617,-0.2791952876670227,-0.6289161386050324
0,1,0.2437734021140412,-0.20613534992284305,-0.8329877545327373,0.3310785700635955,-1.5569560597644407
1,0,-0.9031902102566255,-0.8125396479593293,0.005201910528946133,-0.5193030349708732,-1.195177785414163
1,0,1.4904729807778032,1.545699288849288,-0.3278535855220539,0.14099327011471438,0.2676648021760909
0,1,1.6899449133639939,0.9392949908127634,-1.2881635991357707,1.401558943459927,-1.0064239031444528
0,0,-0.5541143282307779,-0.07137883924807259,-0.9051497786771207,1.1014242593301145,-1.195177785414163
1,0,1.7896808796571175,1.545699288849288,-0.4888304086133706,0.34108305953458934,0.17328786104123584
0,1,0.49311331784679363,1.0066732461501677,0.06071115987077948,-0.5092985454998793,0.849655939174364
1,0,-0.6538502945238731,-1.0820526693089085,1.1708961467074464,-1.4197070873603101,-0.5659981778484624
1,0,-1.3021340754290351,-1.1494309246462746,0.12177133414679615,-0.169145903486092,-1.6985214714667234
0,1,0.1440374358209459,1.0066732461501677,-0.7719275802567206,0.38110101741856417,-1.6985214714667234
1,0,-0.9031902102566255,-0.8799179032967337,1.3374238947329462,-1.2096128084694417,-1.1479893148467355
1,0,1.839548862803651,1.613077544186654,-0.022552714141970538,-0.13913243507311032,-0.015466021228474349
1,0,0.2437734021140412,-0.20613534992284305,0.4270722055268795,-0.5493165033838542,0.7395495078503663
1,0,-1.750945923747978,-1.6210787120079904,-0.5998489072970373,0.5211638700124772,-0.2828673544438971
1,0,0.2437734021140412,0.19813418210150666,0.7989841761171629,-0.8494511875136667,-1.5726855499535832
1,0,-0.2549064293514636,-0.8799179032967337,-0.5165850332842873,0.571186317367446,1.0226803312549315
1,0,0.6925852504329842,0.26551243743887276,0.22168798296209616,-0.3092087560800043,0.39350072368923106
0,1,1.0915291156053937,0.4002689481136815,-1.0217192022949706,1.151446706685083,0.28339429236523345
1,0,-0.30477441249802545,-0.6777831372845589,-0.7497238805199873,0.7312581489033454,-0.3457853152004672
0,0,0.5928492841398889,0.4002689481136815,-1.0383719770975206,1.201469154040052,-0.6131866484158899
0,1,0.8920571830192031,0.6697819694632224,1.2042016963125464,-1.3296666821213665,-1.1794482952250205
1,0,1.1413970987519555,0.7371602248006268,0.2771972323039295,-1.0095230190495668,0.5193366452023711
0,1,-0.8533222271100637,-0.6777831372845589,-0.07251103854962054,-0.3092087560800043,-1.383931667683873
0,1,0.5429813009933554,0.33289069277627714,0.5935999535523795,-0.9294871032816167,-0.5030802170918923
1,0,0.5928492841398889,0.535025458788452,-0.43332115927153725,0.060957354346764664,-0.9592354325770253
1,0,0.6427172672864507,0.4002689481136815,-0.9051497786771207,0.7612716173163271,-0.9906944129553102
0,0,0.7923212167261079,0.4676472034510476,-0.694214631178154,1.1714556856270708,1.400188095794352
1,0,1.0915291156053937,1.0066732461501677,0.15507688375189616,-0.6893793559777665,0.9440328803092191
1,0,-0.6538502945238731,-0.07137883924807259,-0.41111745953480394,-0.029083050892178934,-0.5659981778484624
1,0,-0.7535862608169684,-1.1494309246462746,1.5095025676926297,-1.5297564715412415,-1.2738252363598754
0,0,0.3933773515536983,0.8045384801379929,0.40486850579014616,-0.7494062928037292,0.5507956255806562
0,1,0.1939054189674794,1.1414297568249383,-0.33895543539042056,-0.009074071950191864,1.2114342135246419
0,1,0.3933773515536983,0.8045384801379929,0.5269888543421796,-0.8094332296296918,1.1013277822006442
0,1,-0.7037182776704066,-0.6777831372845589,-0.3223026605878706,0.08096633328875173,-1.6041445303318682
1,0,1.7398128965105557,1.8825905655362332,-0.08361288841798721,-0.059096519305160605,-0.188490413309042
0,1,-1.2522660922824733,-0.8799179032967337,0.8766971251957296,-1.189603829527454,-0.015466021228474349
1,0,-0.2549064293514636,-0.47564837127238396,-0.7219692558490707,0.4711414226575085,-0.9749649227661678
1,0,1.2910010481916128,0.13075592676410228,2.131206160321163,-1.8499001346130415,-1.415390648062158
1,0,0.8920571830192031,0.4002689481136815,-0.48327948367918727,0.8413075330842767,0.03172244933895319
0,1,0.6925852504329842,0.8045384801379929,-0.5831961324944873,0.7612716173163271,-0.8805879816313127
1,0,0.34350936840713653,0.7371602248006268,0.8267388007880796,-0.9294871032816167,0.8339264489852214
0,0,0.3933773515536983,-0.07137883924807259,2.7862153025547967,-2.0800033924458976,1.3529996252269245
0,0,-0.7037182776704066,-0.20613534992284305,0.7379240018411463,-1.2496307663534165,-0.8491290012530276
1,0,0.5429813009933554,0.13075592676410228,-0.46662670887663726,1.5316173065828453,-1.5569560597644407
1,0,-0.9031902102566255,-1.48632220133322,1.165345221773263,-1.389693618947329,-0.6603751189833175
0,0,0.09416945267438409,0.26551243743887276,-0.2112841619042039,0.2910606121796206,1.6361304486314896
0,0,0.293641385260603,0.4002689481136815,-0.6664600065072372,-0.03908754036317282,-1.651333000899296
1,0,-1.3021340754290351,-1.014674413971504,-0.777478505190904,2.151895653784458,-0.73902256992903
0,1,1.4904729807778032,0.6697819694632224,-0.7219692558490707,0.17100673852769604,0.18901735123037833
1,0,-0.30477441249802545,-0.9472961586340998,1.148692446970713,-1.3196621926503727,-0.015466021228474349
1,0,-1.0527941596962826,-0.13875709458543867,-0.43332115927153725,1.0514018119751456,-1.1008008442793078
1,0,-0.953058193403159,-0.6777831372845589,0.0995676344100628,-0.39924916131894794,-0.8176700208747426
1,0,1.0915291156053937,1.1414297568249383,-0.3778119099297039,0.5611818278964521,0.5036071550132286
1,0,0.293641385260603,0.4676472034510476,0.021854685331496135,-0.03908754036317282,-0.7547520601181725
1,0,-1.5514739911617874,-1.3515656906584494,-0.13912213775982055,0.10097531223073951,0.18901735123037833
0,1,0.293641385260603,0.9392949908127634,-0.39446468473225393,0.04094837540477688,-0.8333995110638851
1,0,-1.4018700417221304,-1.014674413971504,-0.3778119099297039,0.17100673852769604,-1.0536123737118803
0,1,2.138756761682965,2.2868600975605444,0.4714796050003462,-0.7894242506877039,-0.8648584914421701
1,0,1.1413970987519555,1.2088080121623426,0.14397503388352947,-0.21916835084106073,-0.770481550307315
1,0,-1.2522660922824733,-0.8799179032967337,-0.9329044033480374,0.6512222331353957,0.20474684141952085
0,0,0.34350936840713653,0.4002689481136815,0.5103360795396296,-0.7394018033327352,-1.0221533933335953
0,1,-0.8034542439635303,-0.5430266266097884,-0.777478505190904,0.5211638700124772,0.2676648021760909
0,1,0.2437734021140412,-0.13875709458543867,0.14952595881771283,-0.4092536507899418,1.5102945271183497
1,0,-1.3520020585755685,-1.2841874353210452,0.42152128059269617,-0.45927609814491055,1.7147778995772023
0,1,-1.4018700417221304,-1.3515656906584494,1.2541600207201964,-0.8894691453976414,1.3058111546594968
0,1,0.293641385260603,1.0740515014875722,0.7212712270385963,-1.079554445346523,1.4473765663617795
1,0,-0.8034542439635303,-0.5430266266097884,3.213636522486913,-2.230070734510804,1.6046714682532046
0,0,-0.7535862608169684,-1.216809179983679,0.13287318401516282,0.4611369331865146,0.8653854293635065
0,1,-1.2522660922824733,-0.9472961586340998,-0.16132583749655388,-0.4492716086739167,0.7395495078503663
0,1,1.7398128965105557,1.815212310198829,3.2025346726185466,-2.3301156292207414,-0.9906944129553102
0,1,-1.7010779406014163,-1.6884569673453949,-0.31675173565368725,-0.009074071950191864,0.7080905274720813
0,1,0.8421891998726413,0.6697819694632224,-0.18908046216747057,-0.28919977713801653,1.2900816644703543
0,1,-1.2522660922824733,-1.014674413971504,-0.511034108350104,0.16100224905670216,0.15755837085209332
0,0,-0.6039823113773113,-0.8125396479593293,-0.5221359582184706,0.991374875149183,-1.6356035107101534
0,0,0.04430146952785062,1.0740515014875722,0.7490258517095129,-1.0395364874625477,-0.3615148053896097
1,0,0.49311331784679363,1.0740515014875722,-1.0383719770975206,2.351985443204333,0.5507956255806562
0,1,0.7923212167261079,0.4002689481136815,0.8433915755906296,-0.9895140401075789,-1.0693418639010228
1,0,1.4406049976312414,0.8045384801379929,1.1764470716416295,-1.6197968767801851,1.3844586056052095
0,1,-1.6512099574548829,-1.7558352226827991,-0.03365456401033721,-0.7494062928037292,1.1642457429572142
1,0,-0.6538502945238731,-0.20613534992284305,-0.16132583749655388,0.060957354346764664,0.849655939174364
0,1,1.241133065045051,0.6697819694632224,-0.844089604401104,1.2114736435110458,0.12609939047380828
0,1,-0.15517046305836832,0.33289069277627714,-0.2723443361802206,0.1209842911727273,0.28339429236523345
1,0,-0.8533222271100637,-1.6210787120079904,2.2366737340706466,-1.9399405398519851,1.0698688018223592
1,0,0.49311331784679363,1.0740515014875722,-0.5498905828893873,0.3310785700635955,0.362041743310946
1,0,-1.7010779406014163,-1.7558352226827991,-0.10026566322053722,-0.13913243507311032,1.0226803312549315
1,0,1.0915291156053937,0.7371602248006268,-0.511034108350104,1.2114736435110458,1.0384098214440742
1,0,-1.0527941596962826,-0.9472961586340998,1.2097526212467296,-1.2496307663534165,0.15755837085209332
0,1,-0.40451037879112073,-0.6777831372845589,0.3216046317773962,-0.9695050611655915,0.11036990028466577
1,0,-1.5514739911617874,-1.418943945995854,-0.9995155025582373,1.6516711802347706,0.03172244933895319
1,0,0.293641385260603,0.4676472034510476,-0.5498905828893873,1.2514916013950206,1.4473765663617795
0,1,-1.3021340754290351,-0.9472961586340998,-0.09471473828635388,-0.19915937189907296,-1.1794482952250205
1,0,0.1939054189674794,1.0740515014875722,0.7490258517095129,-0.6993838454487604,1.006950841065789
1,0,0.6925852504329842,0.4002689481136815,-1.0661266017684374,1.3315275171629704,-0.06265449179590189
0,1,1.7896808796571175,1.3435645228371131,0.5880490286181962,-0.42926262973192886,-0.42443276614617975
1,0,-1.4018700417221304,-0.9472961586340998,-0.2778952611144039,0.02093939646278981,1.6675894290097748
1,0,-0.4543783619376542,0.33289069277627714,-0.6664600065072372,0.8813254909682516,-0.5030802170918923
0,1,-1.3021340754290351,-1.0820526693089085,0.4492759052636129,-0.4192581402609357,1.6833189191989173
1,0,0.6427172672864507,0.7371602248006268,0.5991508784865629,-1.1795993400564604,0.5036071550132286
0,1,-0.953058193403159,-1.5537004566706243,-0.6387053818363206,0.771276106787321,-0.07838398198504441
1,0,-1.4517380248686638,-1.418943945995854,-1.093881226439354,0.9113389593812333,1.1170572723897867
1,0,-2.199757772066921,-2.5643742867314603,-1.3991820978194374,1.4815948592278765,-0.9277764521987402
0,1,-1.6512099574548829,-1.7558352226827991,0.005201910528946133,-0.12912794560211643,-0.9906944129553102
1,0,-0.8533222271100637,-0.5430266266097884,-0.8662933041378373,1.2114736435110458,-1.289554726549018
1,0,0.8421891998726413,0.6697819694632224,-0.3611591351271539,0.2610471437666396,0.881114919552649
1,0,-1.5514739911617874,-1.2841874353210452,0.08846578454169614,-0.6293524191518038,1.9035317818469124
0,1,-0.6538502945238731,0.06337767142673618,-0.9495571781505874,1.6816846486477515,-0.5659981778484624
1,0,-1.0029261765497208,-0.8799179032967337,0.48258145486871284,-0.3292177350219914,1.6046714682532046
1,0,0.34350936840713653,0.13075592676410228,-1.060575676834254,1.4815948592278765,-0.9120469620095977
1,0,-1.5514739911617874,-1.2841874353210452,1.1209378222997963,-1.1195724032304977,-0.7547520601181725
0,1,-1.5514739911617874,-1.48632220133322,0.02740561026567947,0.03094388593378299,0.6609020569046538
1,0,-0.1053024799118065,-0.6104048819471545,0.7157203021044128,-0.9695050611655915,1.4473765663617795
1,0,0.6427172672864507,0.6024037141258181,-0.16687676243073724,0.17100673852769604,-1.446849628440443
0,1,-0.7535862608169684,-0.47564837127238396,0.8489425005248129,-1.3296666821213665,0.15755837085209332
1,0,-0.5042463450842161,0.26551243743887276,-0.1946313871016539,-0.5693254823258419,-0.9435059423878827
1,0,0.09416945267438409,0.13075592676410228,0.3382574065799462,-0.8494511875136667,-1.3367431971164456
1,0,1.2910010481916128,0.26551243743887276,-0.33895543539042056,0.771276106787321,1.2743521742812118
1,0,-0.7037182776704066,-0.2735136052602091,-0.844089604401104,1.761720564415702,-0.9120469620095977
1,0,-0.9031902102566255,-0.7451613926219632,-1.1493904757811872,0.44112795424452683,-0.12557245255247196
1,0,-1.9005498731876351,-1.9579699886949358,-0.5443396579552039,0.17100673852769604,-1.651333000899296
1,0,-0.953058193403159,-1.3515656906584494,-0.4610757839424539,0.24103816482465185,-0.770481550307315
0,1,-0.6039823113773113,0.19813418210150666,-0.061409188681253876,-0.28919977713801653,-0.14130194274161448
0,1,2.03902079538987,2.152103586885774,-0.6220526070337706,0.6912401910193705,0.2362058217978059
1,0,0.6925852504329842,0.4002689481136815,0.06071115987077948,-0.3192132455509982,0.8024674686069364
1,0,1.9392848290967462,2.0173470762110037,0.0662620848049628,-0.3192132455509982,0.5036071550132286
1,0,-0.30477441249802545,0.4002689481136815,-0.6720109314414207,1.3115185382209833,-1.5412265695752982
0,0,0.7923212167261079,0.4002689481136815,1.565011817034463,-1.3796891294763354,0.9912213508766465
1,0,-0.8533222271100637,-0.07137883924807259,-0.1779786122991039,0.16100224905670216,0.06318142971723822
1,0,0.6427172672864507,0.8719167354753973,-0.16687676243073724,0.25104265429564576,1.651859938820632
1,0,-1.102662142842816,-1.5537004566706243,-0.18908046216747057,-0.029083050892178934,-1.3052842167381606
1,0,2.03902079538987,2.0173470762110037,0.14952595881771283,-0.2791952876670227,-1.5884150401427257
1,0,1.390737014484708,0.6024037141258181,-1.2604089744648541,1.2214781329820397,-1.0693418639010228
0,1,1.0416611324588603,0.8719167354753973,-0.15577491256237055,0.5011548910704895,1.5102945271183497
1,0,2.138756761682965,2.354238352897949,-0.48327948367918727,0.15099775958570827,-1.4625791186295858
0,1,-1.2023981091359115,-0.20613534992284305,0.010752835463129468,-0.6293524191518038,0.8968444097417915
1,0,0.7923212167261079,0.4002689481136815,-0.33895543539042056,-0.3392222244929853,1.7305073897663448
1,0,-0.8034542439635303,-0.20613534992284305,-0.6664600065072372,0.13098878064372046,0.8024674686069364
1,0,-1.2522660922824733,-1.014674413971504,-0.5165850332842873,0.1910157174696831,-1.195177785414163
1,0,-0.8533222271100637,-1.1494309246462746,-0.5276868831526539,0.38110101741856417,1.0698688018223592
0,1,0.3933773515536983,0.33289069277627714,-1.160492325649554,1.9017834170096144,1.2900816644703543
1,0,0.293641385260603,1.2088080121623426,-0.3778119099297039,0.14099327011471438,-1.0850713540901653
0,1,0.7424532335795461,0.33289069277627714,1.098734122563063,-1.069549955875529,0.09464041009552325
0,1,-0.7535862608169684,-0.9472961586340998,-1.0827793765709874,1.3015140487499894,0.09464041009552325
1,0,-1.2023981091359115,-1.3515656906584494,-1.560158920910754,1.7417115854737142,0.4878776648240861
0,1,0.04430146952785062,-0.2735136052602091,0.24944260763301282,-0.3292177350219914,0.8968444097417915
1,0,1.839548862803651,1.9499688208735992,-0.20573323697002055,0.05095286487577077,-1.6985214714667234
1,0,-0.9031902102566255,-1.1494309246462746,-0.44997393407408726,0.1810112279986892,0.3777712335000885
1,0,0.5429813009933554,-0.0040005839106682,-0.14467306269400387,-0.19915937189907296,-1.4311201382513006
1,0,0.3933773515536983,-0.20613534992284305,-0.11136751308890389,-0.4192581402609357,-1.4783086088187283
1,0,-1.8506818900410733,-1.8905917333575697,0.5935999535523795,-0.49929405602888544,1.3215406448486393
1,0,0.5429813009933554,0.7371602248006268,1.9424747125589297,-1.6197968767801851,0.975491860687504
0,0,0.9917931493122984,0.33289069277627714,1.515053492626813,-1.5597699399542229,0.47214817463494363
1,0,0.6925852504329842,0.7371602248006268,-0.2445897115093039,-0.369235692905967,1.3372701350377818
0,1,1.1912650818984891,0.33289069277627714,-0.927353478413854,0.571186317367446,0.5665251157697987
1,0,0.09416945267438409,1.0740515014875722,-0.21683508683838723,-0.09911447718913546,1.0384098214440742
1,0,0.4432453347002318,0.6697819694632224,-0.5942979823628539,0.8112940646712958,-0.770481550307315
0,1,0.3933773515536983,1.3435645228371131,-0.5332378080868373,1.3315275171629704,0.6766315470937962
1,0,-0.953058193403159,-0.07137883924807259,0.13287318401516282,-0.7193928243907481,-0.8963174718204552
1,0,-0.8533222271100637,0.06337767142673618,-0.08916381335217055,0.591195296309433,-0.14130194274161448
1,0,1.4904729807778032,1.7478340548614628,-0.4888304086133706,0.2110246964116709,0.2676648021760909
1,0,0.04430146952785062,-0.2735136052602091,0.010752835463129468,-0.29920426660901045,-0.188490413309042
1,0,-0.5042463450842161,0.13075592676410228,-0.2501406364434872,0.060957354346764664,-0.644645628794175
1,0,-0.055434496765273025,0.8719167354753973,-0.022552714141970538,-0.18915488242807907,0.8181969587960789
1,0,0.04430146952785062,0.06337767142673618,-1.2937145240699541,2.472039316856258,-0.8019405306856001
0,1,-1.2023981091359115,-1.8905917333575697,-0.3833628348638872,0.2610471437666396,-1.0064239031444528
0,0,-1.5514739911617874,-1.3515656906584494,-1.227103424859754,1.351536496104958,-0.31432633482218214
1,0,-0.4543783619376542,-1.1494309246462746,1.9591274873614797,-1.4797340241862729,-1.163718805035878
1,0,1.4406049976312414,1.4783210335118835,-0.3889137597980706,0.20102020694067702,1.6675894290097748
1,0,1.8894168459502128,1.8825905655362332,-0.6831127813097873,1.8717699485966333,0.7552789980395088
1,0,-0.6039823113773113,-0.8799179032967337,0.5325397792763629,-0.4792850770868976,-0.9592354325770253
1,0,-1.8506818900410733,-1.8232134780201652,0.15507688375189616,-0.8594556769846605,-1.619874020521011
0,0,1.1912650818984891,1.0066732461501677,0.005201910528946133,0.37109652794757103,-0.42443276614617975
1,0,1.989152812243308,2.152103586885774,0.42152128059269617,-0.21916835084106073,0.29912378255437594
0,1,1.0416611324588603,0.535025458788452,-0.7219692558490707,0.13098878064372046,-1.0850713540901653
0,0,1.1413970987519555,0.06337767142673618,-0.8662933041378373,0.2910606121796206,-1.3210137069273031
1,0,1.0915291156053937,0.535025458788452,-0.8662933041378373,0.6912401910193705,-0.9906944129553102
1,0,1.0915291156053937,0.4676472034510476,0.15507688375189616,-0.35923120343497306,-0.12557245255247196
0,1,-1.3520020585755685,-0.9472961586340998,-0.4610757839424539,0.2910606121796206,0.22047633160866337
0,1,0.7424532335795461,0.4676472034510476,-0.4721776338108206,-0.059096519305160605,-1.4311201382513006
0,0,-1.4018700417221304,-1.418943945995854,-0.4943813335475539,-0.2791952876670227,0.6766315470937962
0,0,-1.4517380248686638,-1.0820526693089085,-0.9995155025582373,0.6612267226063896,1.0698688018223592
1,0,-1.3520020585755685,-1.216809179983679,1.981331187098213,-1.5597699399542229,-0.9592354325770253
0,1,0.1440374358209459,0.8045384801379929,-0.8773951540062039,2.522061764211227,0.4406891942566586
0,0,-0.055434496765273025,0.19813418210150666,-0.022552714141970538,0.3911055068895581,0.7238200176612238
1,0,1.9392848290967462,2.0173470762110037,-0.3278535855220539,-0.009074071950191864,1.0698688018223592
0,1,1.0915291156053937,0.8719167354753973,2.1756135597946296,-1.8098821767290667,-0.10984296236332944
1,0,-0.3546423956445589,-0.8125396479593293,0.3549101813824962,-0.6093434402098168,1.494565036929207
1,0,-1.601341974308321,-1.48632220133322,0.14397503388352947,-0.04909202983416672,0.2519353119869484
1,0,-0.2549064293514636,-0.0040005839106682,0.30495185697484617,-0.4892895665578915,-0.8491290012530276
0,1,-1.2522660922824733,-0.9472961586340998,-1.0661266017684374,1.7016936275897394,0.3777712335000885
1,0,-0.8034542439635303,-0.0040005839106682,0.11066948427842949,0.4211189753025398,-1.3367431971164456
1,0,0.4432453347002318,1.3435645228371131,-0.03365456401033721,0.401109996360552,0.849655939174364
1,0,-0.7037182776704066,-1.0820526693089085,0.1273222590809795,-0.559320992854848,-1.3052842167381606
1,0,-1.3520020585755685,-0.9472961586340998,-1.476895046898004,1.981819332777564,1.1642457429572142
0,0,1.1912650818984891,0.6024037141258181,-0.5276868831526539,0.07096184381775855,1.0384098214440742
1,0,-1.4018700417221304,-1.2841874353210452,0.9599609992084795,-0.9094781243396293,1.5102945271183497
1,0,0.04430146952785062,0.33289069277627714,-0.03920548894452054,-0.39924916131894794,0.01599295914981068
0,0,1.6400769302174603,0.8719167354753973,-0.20573323697002055,-0.04909202983416672,-1.1008008442793078
1,0,1.839548862803651,1.815212310198829,-0.39446468473225393,0.3310785700635955,0.9440328803092191
0,0,-1.5514739911617874,-1.6884569673453949,-0.7885803550592706,0.8313030436132829,-1.3524726873055881
1,0,1.7398128965105557,1.6804557995240583,-0.4555248590082706,0.6412177436644018,0.9440328803092191
1,0,0.6925852504329842,-0.07137883924807259,-1.5546079959765708,2.392003401088308,-1.383931667683873
0,1,-0.3546423956445589,-0.8125396479593293,0.6047018034207462,-1.159590361114473,1.2586226840920693
1,0,1.390737014484708,0.6697819694632224,0.13842410894934615,-0.1491369245441042,-0.3615148053896097
1,0,-1.0029261765497208,-1.6210787120079904,-0.16687676243073724,0.16100224905670216,-1.1794482952250205
1,0,-1.5016060080152256,-1.48632220133322,-0.8551914542694706,1.6416666907637767,1.4788355467400645
1,0,1.0915291156053937,0.9392949908127634,3.0027013749879465,-2.0800033924458976,-1.2109072756033055
1,0,-0.9031902102566255,-1.3515656906584494,-0.005899939339420535,-0.17915039295708515,-0.770481550307315
0,1,0.49311331784679363,1.4783210335118835,-0.22238601177257056,0.15099775958570827,0.5036071550132286
0,1,0.5429813009933554,0.4002689481136815,-0.6109507571654039,1.2715005803370083,-1.1479893148467355
1,0,-1.0527941596962826,-1.2841874353210452,-0.044756413878703875,0.08096633328875173,-1.6670624910884384
1,0,-0.15517046305836832,0.8045384801379929,1.6427247661130298,-1.629801366251179,1.1799752331463567
1,0,0.6427172672864507,0.7371602248006268,-1.3103672988725041,0.9213434488522272,1.6361304486314896
1,0,-1.2522660922824733,-0.5430266266097884,-0.6276035319679539,0.48114591212850166,-1.3210137069273031
1,0,-1.0527941596962826,-0.9472961586340998,0.8433915755906296,-1.0395364874625477,0.12609939047380828
0,1,1.4406049976312414,0.6697819694632224,0.09401670947587948,-0.3492267139639792,-1.0064239031444528
0,0,-0.7535862608169684,-0.4082701159350179,0.7323730769069628,-0.8194377191006853,0.0002634689606681657
1,0,1.1413970987519555,0.8719167354753973,-0.5554415078235706,0.1810112279986892,-0.188490413309042
0,1,1.6400769302174603,1.2088080121623426,-0.2778952611144039,0.9413524277942142,-0.6918340993616025
1,0,-1.102662142842816,-1.8905917333575697,-0.22793693670675388,-0.18915488242807907,1.2586226840920693
1,0,0.5928492841398889,0.9392949908127634,1.2097526212467296,-1.1996083189984479,-1.6041445303318682
0,1,1.839548862803651,1.815212310198829,-0.3889137597980706,0.8513120225552707,0.6137135863372263
0,1,-1.5514739911617874,-1.7558352226827991,-0.10026566322053722,-0.20916386137006684,-1.2738252363598754
1,0,0.49311331784679363,1.0740515014875722,-0.3833628348638872,0.34108305953458934,0.39350072368923106
1,0,-1.3520020585755685,-1.1494309246462746,-0.005899939339420535,-0.1491369245441042,-0.9592354325770253
0,1,-0.8034542439635303,-1.216809179983679,-0.4222193094031706,-0.2391773297830478,1.2586226840920693
0,1,0.4432453347002318,1.3435645228371131,-0.910700703611304,1.6116532223507958,1.1642457429572142
0,1,1.7896808796571175,1.8825905655362332,0.8322897257222629,-0.6893793559777665,-1.446849628440443
1,0,-0.5541143282307779,-0.9472961586340998,-0.09471473828635388,0.6412177436644018,-1.6670624910884384
1,0,0.8421891998726413,0.13075592676410228,-1.1549414007153707,2.121882185371477,-0.9592354325770253
0,1,-1.102662142842816,-0.20613534992284305,0.8933498999982796,-0.869460166455654,1.4473765663617795
1,0,0.34350936840713653,0.4002689481136815,0.4270722055268795,-1.0395364874625477,-0.9592354325770253
1,0,-1.5016060080152256,-1.48632220133322,-0.21683508683838723,-0.009074071950191864,1.0541393116332167
1,0,0.9419251661657366,0.26551243743887276,-0.9051497786771207,1.4915993486988703,0.28339429236523345
0,1,-1.4517380248686638,-1.0820526693089085,-0.5942979823628539,1.3415320066339642,1.431647076172637
1,0,1.0915291156053937,0.9392949908127634,-0.4999322584817373,0.6512222331353957,-0.7547520601181725
0,0,-1.3520020585755685,-1.216809179983679,0.6324564280916629,-0.8594556769846605,-1.5569560597644407
1,0,-1.3021340754290351,-1.216809179983679,0.5547434790130962,-0.6193479296808106,-1.0850713540901653
0,1,0.1939054189674794,1.1414297568249383,-0.17242768736492056,0.5411728489544643,0.881114919552649
1,0,-1.4517380248686638,-1.1494309246462746,1.2430581708518296,-1.429711576831304,0.4878776648240861
1,0,0.1440374358209459,0.8719167354753973,-1.1493904757811872,2.0518507590745205,0.06318142971723822
0,1,-2.0002858394807306,-2.227483010044515,2.8028680773573464,-1.7698642188450915,-0.9435059423878827
0,1,-1.9005498731876351,-1.8905917333575697,0.07181300973914614,-0.5193030349708732,-1.5726855499535832
1,0,2.088888778536403,2.2868600975605444,1.115386897365613,-1.1795993400564604,-0.4716212367136073
0,1,-1.0029261765497208,-1.6884569673453949,1.3596275944696796,-1.2196172979404352,0.8653854293635065
1,0,-1.3021340754290351,-1.0820526693089085,0.3549101813824962,-0.5393120139128602,-0.67610460917246
1,0,-0.055434496765273025,0.9392949908127634,0.9266554496033795,-1.1195724032304977,0.04745193952809571
1,0,-2.0501538226272924,-2.42961777605669,0.19948428322536282,-1.149585871643479,-0.5345391974701773
1,0,0.04430146952785062,0.8719167354753973,0.04405838506822947,0.0009304175208020274,1.463106056550922
1,0,-1.3021340754290351,-1.1494309246462746,-0.7053164810465207,0.20102020694067702,0.04745193952809571
1,0,-1.5016060080152256,-1.48632220133322,-0.694214631178154,0.7512671278453332,0.9440328803092191
1,0,-1.2522660922824733,-1.1494309246462746,-0.5665433576919373,0.23103367535365796,-1.2423662559815905
0,1,0.8421891998726413,0.4676472034510476,1.7870488144017964,-1.8198866662000601,-0.37724429557875216
1,0,-0.5541143282307779,-0.13875709458543867,-0.794131279993454,0.9013344699102395,-1.4940380990078708
1,0,1.2910010481916128,1.545699288849288,0.08291485960751281,0.20102020694067702,-0.7862110404964575
1,0,-1.601341974308321,-1.418943945995854,-1.1216358511102706,1.6516711802347706,-1.619874020521011
1,0,-1.2023981091359115,-0.3408918605976135,-0.9218025534796707,1.0614063014461395,-0.8333995110638851
0,1,1.1413970987519555,0.6024037141258181,1.1264887472339795,-1.0295319979915543,0.4564186844458011
0,1,1.6899449133639939,1.2088080121623426,3.2969003964996633,-2.1700437976848415,1.5574829976857771
1,0,1.1413970987519555,1.0740515014875722,-1.2770617492674041,1.761720564415702,-0.4873507269027498
1,0,0.09416945267438409,-0.20613534992284305,-0.6553581566388706,0.4611369331865146,-1.4311201382513006
0,1,1.9392848290967462,2.084725331548408,-0.3112008107195039,0.7212536594323522,-0.5817276680376049
1,0,1.1912650818984891,1.2761862674997086,0.010752835463129468,-0.20916386137006684,1.3215406448486393
1,0,-0.2549064293514636,-0.0040005839106682,-1.0550247519000706,1.2715005803370083,-0.25140837406561206
1,0,0.8421891998726413,0.06337767142673618,-0.8607423792036539,1.0514018119751456,-1.1008008442793078
1,0,-1.4517380248686638,-1.216809179983679,-0.777478505190904,0.2610471437666396,1.3529996252269245
0,1,0.4432453347002318,0.535025458788452,0.33270648164576283,-0.6993838454487604,-1.5884150401427257
0,1,-0.953058193403159,-0.6777831372845589,2.7917662274889796,-2.2200662450398103,0.330582762932661
1,0,0.6427172672864507,0.19813418210150666,0.08846578454169614,0.1209842911727273,0.362041743310946
1,0,0.09416945267438409,1.0740515014875722,-0.927353478413854,0.9213434488522272,1.368729115416067
0,1,-0.055434496765273025,-0.13875709458543867,0.47703052993452955,0.1209842911727273,0.01599295914981068
1,0,0.09416945267438409,-0.20613534992284305,1.2874655703252964,-1.2896487242373915,-0.06265449179590189
1,0,0.5429813009933554,1.545699288849288,-0.41666838446898724,-0.46928058761590447,-0.67610460917246
0,1,1.1413970987519555,1.2088080121623426,-0.35560821019297056,0.801289575200302,1.1327867625789292
1,0,0.6427172672864507,0.8045384801379929,0.7157203021044128,-0.9895140401075789,-1.415390648062158
1,0,0.1440374358209459,-0.13875709458543867,-0.4943813335475539,1.5016038381698644,0.42495970406751604
0,1,0.9419251661657366,0.4676472034510476,-0.744172955585804,0.791285085729308,-0.44016225633532224
1,0,0.49311331784679363,0.6697819694632224,0.07736393467332947,-0.4192581402609357,-1.289554726549018
1,0,-1.3021340754290351,-1.0820526693089085,-0.6553581566388706,0.601199785780427,0.2519353119869484
0,1,-1.2023981091359115,-0.6777831372845589,1.531706267429363,-1.469729534715279,-0.6603751189833175
0,0,-0.30477441249802545,-0.5430266266097884,-0.14467306269400387,-0.389244671847954,1.6361304486314896
0,1,0.34350936840713653,0.535025458788452,-0.2945480359169539,0.1209842911727273,-0.5817276680376049
1,0,-0.0055665136187112016,-0.47564837127238396,1.931372862690563,-1.7398507504321101,0.18901735123037833
1,0,-0.5042463450842161,0.26551243743887276,2.4531598065037965,-1.8799136030260228,0.2676648021760909
1,0,-1.2023981091359115,-0.5430266266097884,0.39931758085596286,-0.6893793559777665,0.7395495078503663
1,0,-1.5514739911617874,-1.5537004566706243,0.6324564280916629,-0.4092536507899418,1.0855982920115017
1,0,-1.4018700417221304,-1.1494309246462746,0.20503520815954615,-0.46928058761590447,0.07891091990638074
1,0,1.0915291156053937,1.0066732461501677,-0.31675173565368725,0.5611818278964521,-0.33005582501132463
1,0,-0.7037182776704066,-0.4082701159350179,4.29051595971848,-2.4501695028726664,-1.0064239031444528
0,1,1.1413970987519555,1.1414297568249383,0.5547434790130962,-0.3392222244929853,0.20474684141952085
1,0,-0.6538502945238731,-0.13875709458543867,0.2771972323039295,-0.8194377191006853,1.7147778995772023
1,0,1.1912650818984891,0.19813418210150666,2.131206160321163,-1.669819324135154,1.006950841065789
0,0,-1.3520020585755685,-0.8799179032967337,0.1661787336202628,-0.6093434402098168,-0.23567888387646954
1,0,-0.8034542439635303,-0.47564837127238396,0.0163037603973128,-0.45927609814491055,1.5732124878749196
1,0,-1.102662142842816,-0.7451613926219632,1.8425580637436296,-1.4397160663022976,1.4473765663617795
1,0,-0.8533222271100637,-1.2841874353210452,-1.1826960253862873,1.8417564801836517,-0.2828673544438971
0,1,-0.5541143282307779,0.06337767142673618,-0.14467306269400387,0.15099775958570827,-0.44016225633532224
0,1,1.0915291156053937,1.1414297568249383,0.20503520815954615,-0.5993389507388229,-1.258095746170733
1,0,0.2437734021140412,1.0066732461501677,-1.3159182238066873,0.9613614067362021,-0.44016225633532224
0,1,0.8421891998726413,0.6697819694632224,-0.18908046216747057,0.401109996360552,1.2428931939029269
1,0,0.8920571830192031,0.6024037141258181,0.3882157309875962,-0.8294422085716792,1.4788355467400645
1,0,-1.0527941596962826,-1.6884569673453949,0.34935925644831284,-0.169145903486092,-1.3682021774947306
0,1,-0.15517046305836832,-0.6104048819471545,0.3549101813824962,-0.1491369245441042,0.975491860687504
0,0,-2.199757772066921,-2.5643742867314603,-0.694214631178154,0.25104265429564576,-0.6131866484158899
1,0,-1.2023981091359115,-1.0820526693089085,-0.12246936295727055,-0.5793299717968351,-0.6603751189833175
1,0,-0.7037182776704066,-0.07137883924807259,0.13842410894934615,-0.28919977713801653,-1.226636765792448
1,0,1.2910010481916128,0.6697819694632224,-0.944006253216404,2.0018283117195517,-0.23567888387646954
0,1,0.1939054189674794,-0.20613534992284305,-0.28344618604858723,0.2210291858826648,0.39350072368923106
1,0,-0.15517046305836832,-0.5430266266097884,-1.1826960253862873,2.4820438063272516,-0.5817276680376049
0,1,1.2910010481916128,1.545699288849288,-0.4721776338108206,1.4815948592278765,2.281039546386333
0,1,1.6400769302174603,1.4109427781745174,0.8544934254589962,-0.9995185295785729,-0.44016225633532224
1,0,0.9917931493122984,0.33289069277627714,3.6521595922873966,-2.4201560344596853,0.39350072368923106
1,0,0.49311331784679363,0.6024037141258181,-0.2612424863118539,-0.3292177350219914,1.431647076172637
0,0,1.1413970987519555,1.0740515014875722,-0.5443396579552039,1.3915544539889328,-0.5345391974701773
1,0,0.1440374358209459,-0.3408918605976135,-0.3611591351271539,-0.12912794560211643,-1.1479893148467355
0,1,-1.0029261765497208,-0.07137883924807259,0.14397503388352947,-0.6093434402098168,-1.0693418639010228
0,0,1.1413970987519555,1.2088080121623426,-0.35560821019297056,0.28105612270862673,-1.1008008442793078
1,0,1.3408690313381462,0.6697819694632224,0.8600443503931796,-1.0195275085205602,0.6609020569046538
1,0,0.34350936840713653,0.7371602248006268,-1.193797875254654,1.2214781329820397,-0.3615148053896097
0,1,1.1413970987519555,0.7371602248006268,-1.3547746983459708,1.7116981170607333,0.5979840961480837
1,0,-0.5541143282307779,-0.13875709458543867,-0.02810363907615387,0.2110246964116709,-1.3367431971164456
1,0,0.293641385260603,-0.0040005839106682,0.5325397792763629,-0.8994736348686354,-0.015466021228474349
1,0,1.390737014484708,0.6024037141258181,0.9377572994717462,-1.0195275085205602,-1.0378828835227378
0,0,-1.80081390689454,-1.9579699886949358,0.5491925540789129,-0.7494062928037292,0.5979840961480837
1,0,-0.1053024799118065,-0.20613534992284305,-0.3112008107195039,-0.03908754036317282,-0.33005582501132463
1,0,1.0416611324588603,0.535025458788452,0.46037775513197954,-0.3192132455509982,-0.9906944129553102
1,0,0.293641385260603,-0.20613534992284305,0.4326231304610629,-0.6793748665067726,1.2114342135246419
0,1,-1.4517380248686638,-1.3515656906584494,0.8378406506564462,-1.4397160663022976,0.8024674686069364
1,0,-0.4543783619376542,0.13075592676410228,-0.23903878657512057,0.5011548910704895,-0.06265449179590189
1,0,-0.3546423956445589,-0.7451613926219632,-1.560158920910754,2.9422503219929648,0.17328786104123584
1,0,1.9392848290967462,2.2194818422231783,-0.8052331298618206,1.161451196156077,0.20474684141952085
0,1,-2.199757772066921,-2.5643742867314603,-0.3445063603246039,0.5011548910704895,-1.0693418639010228
1,0,0.4432453347002318,0.4676472034510476,-0.6220526070337706,0.41111448583154586,0.5193366452023711
1,0,0.49311331784679363,0.26551243743887276,-0.35005728525878727,0.3610920384765771,1.0226803312549315
1,0,-0.953058193403159,-1.48632220133322,0.005201910528946133,-0.21916835084106073,1.494565036929207
1,0,-1.2023981091359115,-0.6104048819471545,-0.8052331298618206,1.001379364620177,-0.7232930797398875
1,0,1.1413970987519555,0.9392949908127634,-0.15577491256237055,-0.5293075244418664,-0.5188097072810348
1,0,0.6427172672864507,0.4002689481136815,-0.3223026605878706,0.09097082275974562,-0.8019405306856001
1,0,-1.3520020585755685,-0.8799179032967337,0.2938500071064795,-0.559320992854848,0.7867379784177939
1,0,0.1939054189674794,-0.3408918605976135,0.9544100742742962,-1.079554445346523,1.6833189191989173
1,0,1.2910010481916128,0.33289069277627714,1.1597942968390795,-1.1795993400564604,-1.6670624910884384
0,1,-1.3520020585755685,-1.2841874353210452,-0.944006253216404,1.201469154040052,1.6675894290097748
1,0,-1.3021340754290351,-0.9472961586340998,-0.5554415078235706,1.191464664569058,1.2586226840920693
1,0,-0.4543783619376542,0.4002689481136815,0.34935925644831284,-0.029083050892178934,0.5665251157697987
1,0,-0.7535862608169684,-0.3408918605976135,0.1661787336202628,0.10097531223073951,0.7080905274720813
0,1,-1.0029261765497208,-0.5430266266097884,0.10511855934424615,0.17100673852769604,-1.1479893148467355
1,0,-1.2522660922824733,-0.8799179032967337,-0.7330711057174373,0.25104265429564576,0.5822546059589412
1,0,-1.1525301259893779,-1.9579699886949358,0.9766137740110296,-0.9795095506365854,-1.6985214714667234
1,0,-0.4543783619376542,-0.6777831372845589,-0.744172955585804,1.381549964517939,-1.415390648062158
1,0,-0.7037182776704066,-1.1494309246462746,-1.4491404222270874,2.0518507590745205,-1.195177785414163
1,0,-1.102662142842816,-1.48632220133322,0.13287318401516282,-0.5693254823258419,-0.8648584914421701
1,0,-0.7037182776704066,-0.07137883924807259,0.09401670947587948,-0.13913243507311032,-1.1322598246575928
1,0,0.293641385260603,1.2088080121623426,-0.0003490144052372012,-0.29920426660901045,1.2428931939029269
1,0,-0.7037182776704066,0.06337767142673618,-0.5554415078235706,0.991374875149183,-1.4311201382513006
1,0,0.5429813009933554,0.06337767142673618,-0.4555248590082706,-0.03908754036317282,1.6833189191989173
1,0,-0.7535862608169684,-0.3408918605976135,0.0496093100024128,0.45113244371552075,0.3777712335000885
1,0,0.4432453347002318,1.4109427781745174,-0.3611591351271539,0.24103816482465185,0.9912213508766465
0,1,1.1912650818984891,0.06337767142673618,-0.8884970038745706,0.8913299804392455,-0.015466021228474349
0,1,1.241133065045051,1.0066732461501677,-0.3223026605878706,0.11097980170173341,1.6833189191989173
1,0,-2.1498897889203876,-2.6317525420688264,-0.727520180783254,0.791285085729308,0.1418288806629508
1,0,-0.8533222271100637,-0.4082701159350179,0.7157203021044128,-1.2896487242373915,0.4406891942566586
1,0,0.6427172672864507,0.4002689481136815,-0.844089604401104,1.361540985575952,-0.21994939368732705
1,0,0.34350936840713653,1.3435645228371131,-0.7663766553225373,1.1114287488011083,-0.9120469620095977
1,0,-1.102662142842816,-0.20613534992284305,0.04405838506822947,-0.2691907981960295,-1.3052842167381606
0,1,-0.8034542439635303,-0.3408918605976135,-0.11136751308890389,-0.45927609814491055,0.39350072368923106
0,1,-0.8034542439635303,-0.47564837127238396,-1.0217192022949706,1.0614063014461395,-1.5726855499535832
0,1,-1.3021340754290351,-1.1494309246462746,-0.3112008107195039,0.1910157174696831,-0.9592354325770253
1,0,0.2437734021140412,1.0740515014875722,0.010752835463129468,0.7812805962583141,0.7552789980395088
1,0,0.1440374358209459,1.2088080121623426,0.04405838506822947,-0.029083050892178934,0.20474684141952085
0,1,-0.5541143282307779,-0.2735136052602091,-0.5831961324944873,0.38110101741856417,1.1327867625789292
1,0,-0.5042463450842161,0.26551243743887276,-0.08361288841798721,-0.019078561421185754,0.18901735123037833
1,0,1.0416611324588603,0.9392949908127634,0.3549101813824962,-0.4092536507899418,-0.06265449179590189
1,0,0.1939054189674794,-0.3408918605976135,-0.511034108350104,-0.0691010087761545,0.03172244933895319
1,0,1.4406049976312414,1.6804557995240583,0.49923422967126285,-0.959500571694598,-0.5345391974701773
1,0,-1.0029261765497208,-1.0820526693089085,-0.5942979823628539,0.6212087647224147,-1.5254970793861558
1,0,0.04430146952785062,-0.20613534992284305,-0.3223026605878706,-0.20916386137006684,-1.163718805035878
0,1,-0.6538502945238731,-1.014674413971504,-0.993964577624054,1.2915095592789956,-0.6131866484158899
1,0,-0.6538502945238731,-0.07137883924807259,0.4548268301977962,-0.589334461267829,0.34631225312180347
1,0,1.6899449133639939,1.2761862674997086,-0.2667934112460372,-0.17915039295708515,-1.289554726549018
0,1,-1.5016060080152256,-1.418943945995854,0.1661787336202628,-0.6693703770357794,0.5193366452023711
1,0,0.9917931493122984,0.535025458788452,-0.5221359582184706,0.9113389593812333,-1.6670624910884384
0,1,-1.2023981091359115,-1.014674413971504,-0.4055665346006206,-0.029083050892178934,-1.163718805035878
1,0,1.6899449133639939,1.1414297568249383,-1.3547746983459708,1.1314377277430954,-0.8963174718204552
0,1,-1.0029261765497208,-0.8799179032967337,-0.6053998322312206,1.191464664569058,-0.9592354325770253
1,0,0.49311331784679363,1.1414297568249383,0.7268221519727796,-0.869460166455654,0.6609020569046538
0,1,0.293641385260603,0.13075592676410228,-1.6989320442653375,1.2314826224530329,-1.3367431971164456
1,0,-0.7535862608169684,-1.3515656906584494,-0.8884970038745706,0.9613614067362021,0.6923610372829389
1,0,0.2437734021140412,1.3435645228371131,0.10511855934424615,-0.3292177350219914,0.07891091990638074
0,1,1.0915291156053937,0.6024037141258181,-0.41111745953480394,0.35108754900558325,0.5036071550132286
1,0,-1.3520020585755685,-1.0820526693089085,-0.677561856375604,0.7812805962583141,-1.2109072756033055
0,1,1.3408690313381462,1.2088080121623426,1.0487757981554129,-0.9995185295785729,-1.5097675891970133
1,0,0.04430146952785062,1.0740515014875722,-0.05030733881288721,-0.3392222244929853,-0.5345391974701773
1,0,-0.8533222271100637,-1.5537004566706243,-0.41111745953480394,0.9413524277942142,0.01599295914981068
1,0,2.088888778536403,2.2194818422231783,-0.7164183309148873,1.161451196156077,-0.9592354325770253
1,0,0.9917931493122984,-0.0040005839106682,1.6260719913104797,-1.7098372820191292,1.1013277822006442
1,0,-0.8034542439635303,-0.4082701159350179,-0.8163349797301873,1.0113838540911708,0.1418288806629508
0,1,-1.2023981091359115,-0.9472961586340998,-0.31675173565368725,-0.169145903486092,-1.0850713540901653
0,1,-0.953058193403159,-1.6210787120079904,0.14397503388352947,-0.369235692905967,0.5036071550132286
0,1,1.6899449133639939,1.815212310198829,0.20503520815954615,0.991374875149183,-1.258095746170733
0,0,-0.1053024799118065,0.13075592676410228,0.18838243335699617,-0.6693703770357794,0.9440328803092191
1,0,-0.055434496765273025,-0.5430266266097884,-0.2667934112460372,0.4311234647735329,1.6675894290097748
1,0,0.9419251661657366,0.535025458788452,-0.41111745953480394,0.4311234647735329,-0.8019405306856001
1,0,1.839548862803651,1.815212310198829,-0.6276035319679539,0.5511773384254582,1.3215406448486393
1,0,1.0915291156053937,1.1414297568249383,-1.160492325649554,1.4615858802858894,0.7238200176612238
1,0,1.241133065045051,0.26551243743887276,-1.0550247519000706,1.5116083276408583,1.2428931939029269
1,0,-0.5541143282307779,-0.9472961586340998,0.11622040921261281,-0.7794197612167101,0.15755837085209332
0,1,0.09416945267438409,-0.4082701159350179,-0.2112841619042039,0.0009304175208020274,-0.9435059423878827
0,1,-0.055434496765273025,-0.5430266266097884,0.0496093100024128,-0.42926262973192886,-0.1727609231198995
0,1,1.9392848290967462,2.2194818422231783,0.15507688375189616,-0.49929405602888544,0.9440328803092191
1,0,0.8920571830192031,0.19813418210150666,-0.31675173565368725,0.14099327011471438,-0.7075635895507449
0,1,-0.30477441249802545,-0.6777831372845589,-0.8773951540062039,0.4911504015994956,-0.31432633482218214
0,1,0.6427172672864507,0.535025458788452,-0.46662670887663726,0.1209842911727273,-0.8176700208747426
1,0,0.09416945267438409,0.9392949908127634,-0.48327948367918727,0.7812805962583141,-1.163718805035878
1,0,1.6400769302174603,0.9392949908127634,0.5047851546054462,-0.7494062928037292,-1.6670624910884384
1,0,-0.9031902102566255,-1.0820526693089085,-0.6387053818363206,0.7612716173163271,1.1170572723897867
1,0,0.1939054189674794,0.7371602248006268,2.630789404397663,-1.9899629872069537,1.368729115416067
1,0,1.7896808796571175,1.6804557995240583,-1.077228451636804,1.4115634329309208,0.28339429236523345
0,1,0.1440374358209459,-0.2735136052602091,-0.6664600065072372,0.25104265429564576,0.4564186844458011
0,1,-0.7535862608169684,-0.20613534992284305,0.07181300973914614,-0.5993389507388229,1.5260240173074922
1,0,-1.4018700417221304,-0.9472961586340998,-0.5665433576919373,1.2414871119240267,-1.1165303344684503
1,0,1.1912650818984891,0.9392949908127634,-0.4943813335475539,0.41111448583154586,-0.8176700208747426
0,1,-0.2050384462049018,-0.47564837127238396,0.07736393467332947,-0.759410782274723,0.06318142971723822
0,1,0.5429813009933554,0.7371602248006268,3.0526596993955963,-2.0199764556199353,0.849655939174364
1,0,-1.601341974308321,-1.48632220133322,-0.9218025534796707,0.2910606121796206,-0.5345391974701773
1,0,0.49311331784679363,1.4783210335118835,1.315220194996213,-1.1195724032304977,0.47214817463494363
1,0,0.4432453347002318,1.613077544186654,-0.9717608778873207,1.2514916013950206,0.2676648021760909
1,0,-0.15517046305836832,-0.6104048819471545,-0.3667100600613373,-0.059096519305160605,0.2676648021760909
1,0,-1.102662142842816,-1.6884569673453949,-0.5054831834159206,1.1214332382721022,-0.015466021228474349
1,0,0.09416945267438409,0.19813418210150666,-0.13912213775982055,-0.12912794560211643,-0.9435059423878827
1,0,1.4904729807778032,0.8719167354753973,1.4095859188773296,-1.069549955875529,0.7710084882286514
1,0,1.7398128965105557,1.613077544186654,-0.827436829598554,0.7312581489033454,0.881114919552649
0,0,0.1939054189674794,1.2088080121623426,5.311886147608213,-2.6502592922925414,-1.619874020521011
1,0,0.7923212167261079,0.4676472034510476,-0.6109507571654039,0.3610920384765771,1.0698688018223592
1,0,-1.3520020585755685,-1.014674413971504,-0.23348786164093724,0.7512671278453332,-1.2738252363598754
0,0,-0.6039823113773113,-0.13875709458543867,-0.16132583749655388,0.4211189753025398,-1.1479893148467355
0,1,1.0915291156053937,0.8719167354753973,0.6602110527625795,-0.8994736348686354,-1.6670624910884384
1,0,-0.3546423956445589,-0.6104048819471545,-0.8385386794669206,0.5511773384254582,0.2362058217978059
1,0,-0.055434496765273025,0.26551243743887276,-0.6664600065072372,0.571186317367446,1.1013277822006442
0,1,0.49311331784679363,0.06337767142673618,0.7878823262487963,-1.2596352558244104,1.6361304486314896
1,0,-1.3021340754290351,-0.8125396479593293,-0.42777023433735395,0.9713658962071959,0.3777712335000885
0,0,0.34350936840713653,1.4109427781745174,-0.2723443361802206,0.31106959112160837,0.8024674686069364
1,0,0.1939054189674794,-0.20613534992284305,0.7767804763804296,-0.9895140401075789,0.4406891942566586
1,0,-0.9031902102566255,-1.48632220133322,-1.0217192022949706,1.9418013748935892,0.11036990028466577
0,0,-1.0527941596962826,-1.014674413971504,-0.8662933041378373,0.4611369331865146,1.1957047233354994
1,0,-1.0029261765497208,-0.9472961586340998,-0.03920548894452054,0.2610471437666396,-0.8491290012530276
1,0,-0.8034542439635303,-0.6104048819471545,-0.677561856375604,0.060957354346764664,0.20474684141952085
1,0,-0.6538502945238731,-1.014674413971504,0.02740561026567947,-0.4792850770868976,0.8024674686069364
1,0,-0.0055665136187112016,0.13075592676410228,1.2264053960492796,-1.3096577031793792,1.3372701350377818
0,1,-0.30477441249802545,-0.7451613926219632,-0.4555248590082706,0.15099775958570827,1.463106056550922
1,0,1.3408690313381462,1.613077544186654,-0.5276868831526539,0.8713210014972584,-1.5569560597644407
1,0,0.6427172672864507,0.19813418210150666,-0.6664600065072372,1.5716352644668208,0.2676648021760909
1,0,-1.3520020585755685,-0.9472961586340998,-1.3436728484776042,0.591195296309433,1.1957047233354994
1,0,0.5429813009933554,0.8045384801379929,0.08846578454169614,-0.46928058761590447,1.006950841065789
1,0,0.49311331784679363,0.8045384801379929,-0.15577491256237055,0.2910606121796206,-1.289554726549018
0,1,-0.953058193403159,-1.418943945995854,1.2208544711150964,-1.1395813821724852,1.0698688018223592
0,1,-0.1053024799118065,0.4002689481136815,0.8600443503931796,-0.869460166455654,0.20474684141952085
0,0,0.1939054189674794,-0.4082701159350179,-0.2889971109827706,-0.10911896666012935,1.2114342135246419
0,1,-1.0527941596962826,-1.6210787120079904,-0.11136751308890389,0.401109996360552,-1.1165303344684503
1,0,-1.1525301259893779,-1.6210787120079904,2.1201043104527963,-1.7098372820191292,-0.6289161386050324
0,1,-0.8034542439635303,-1.216809179983679,0.3937666559217795,-0.49929405602888544,-1.3210137069273031
1,0,1.7398128965105557,1.2088080121623426,2.1534098600578964,-1.8098821767290667,1.368729115416067
1,0,-0.6039823113773113,-0.20613534992284305,-1.7433394437388041,2.341980953733339,-1.1165303344684503
1,0,1.6899449133639939,1.0740515014875722,-0.23348786164093724,0.28105612270862673,-0.7862110404964575
1,0,-0.7535862608169684,-1.3515656906584494,-0.8607423792036539,1.951805864364583,-1.2738252363598754
1,0,-1.0527941596962826,-1.2841874353210452,-0.810784054796004,1.0313928330331579,1.3372701350377818
1,0,-1.5514739911617874,-1.3515656906584494,0.965511924142663,-1.069549955875529,-1.4940380990078708
1,0,0.7424532335795461,0.4676472034510476,2.2366737340706466,-1.949945029322979,0.7395495078503663
0,0,0.293641385260603,1.1414297568249383,-0.6220526070337706,0.4611369331865146,-0.33005582501132463
1,0,0.09416945267438409,1.0740515014875722,0.3715629561850462,-0.8994736348686354,1.431647076172637
0,1,1.1413970987519555,1.1414297568249383,-0.022552714141970538,-0.169145903486092,-1.619874020521011
1,0,-0.4543783619376542,0.33289069277627714,-0.8329877545327373,2.141891164313464,-0.6918340993616025
1,0,-0.4543783619376542,0.13075592676410228,-1.0383719770975206,1.2815050698080015,-1.0536123737118803
0,1,1.4904729807778032,0.8045384801379929,0.41597035565851287,-0.42926262973192886,1.5574829976857771
0,1,0.1440374358209459,1.2761862674997086,0.7656786265120629,-0.9194826138106228,-0.9435059423878827
1,0,-0.0055665136187112016,-0.13875709458543867,-0.927353478413854,-0.03908754036317282,-0.04692500160675938
0,1,-0.5042463450842161,-0.0040005839106682,2.830622702028263,-2.0499899240329165,0.04745193952809571
1,0,1.7398128965105557,1.613077544186654,-0.3223026605878706,0.37109652794757103,-1.383931667683873
1,0,1.6899449133639939,1.545699288849288,-0.20573323697002055,-0.39924916131894794,-0.6131866484158899
1,0,0.04430146952785062,1.0066732461501677,0.055160234936596136,-0.5293075244418664,1.2743521742812118
0,1,0.8421891998726413,0.4002689481136815,-0.18908046216747057,0.45113244371552075,0.5979840961480837
1,0,-1.601341974308321,-1.6210787120079904,-0.7830294301250873,0.6712312120773835,0.5665251157697987
1,0,-0.8533222271100637,-0.6104048819471545,-0.7996822049276373,0.9813703856781891,0.39350072368923106
1,0,1.0416611324588603,0.9392949908127634,-0.8218859046643706,0.9213434488522272,-0.8805879816313127
0,1,0.3933773515536983,-0.2735136052602091,0.038507460134046136,0.23103367535365796,1.2271637037137844
1,0,1.7398128965105557,1.613077544186654,-1.1049830763077206,0.45113244371552075,-0.5030802170918923
1,0,-0.8034542439635303,-0.3408918605976135,-1.010617352426604,1.0113838540911708,0.2676648021760909
1,0,-1.2522660922824733,-1.014674413971504,-0.9218025534796707,-0.009074071950191864,0.03172244933895319
0,1,0.3933773515536983,0.19813418210150666,-0.2501406364434872,0.2210291858826648,-1.1479893148467355
0,1,0.9917931493122984,0.33289069277627714,0.5547434790130962,-0.7093883349197543,-0.21994939368732705
0,1,1.7896808796571175,1.613077544186654,-0.1946313871016539,0.9513569172652081,0.01599295914981068
1,0,-1.7010779406014163,-1.7558352226827991,0.4270722055268795,-1.1996083189984479,1.0541393116332167
0,1,-1.0029261765497208,-1.418943945995854,-0.33340451045623726,0.7612716173163271,-0.5030802170918923
0,1,0.293641385260603,-0.13875709458543867,0.6657619776967629,-1.1095679137595043,0.29912378255437594
1,0,0.293641385260603,-0.3408918605976135,-0.3778119099297039,0.9613614067362021,-1.2423662559815905
1,0,-1.2023981091359115,-0.9472961586340998,0.6935166023676795,-0.9895140401075789,-0.42443276614617975
1,0,1.2910010481916128,1.0066732461501677,1.9202710128221965,-1.2496307663534165,0.6137135863372263
1,0,1.7896808796571175,1.815212310198829,0.5436416291447296,-0.7093883349197543,-1.3996611578730156
0,1,0.293641385260603,1.4109427781745174,-1.3658765482143373,1.2314826224530329,-0.9277764521987402
0,1,0.3933773515536983,0.33289069277627714,-0.7219692558490707,1.0614063014461395,0.5193366452023711
1,0,-1.3021340754290351,-0.4082701159350179,0.4492759052636129,-0.45927609814491055,-0.8963174718204552
0,0,0.1440374358209459,1.0740515014875722,-1.110534001241904,1.3415320066339642,0.2362058217978059
0,0,0.34350936840713653,1.1414297568249383,1.8037015892043464,-1.6398058557221726,-0.9592354325770253
1,0,0.1440374358209459,1.0066732461501677,-0.7552748054541706,2.0118328011905455,-0.7862110404964575
1,0,0.9917931493122984,0.8045384801379929,-0.660909081573054,0.5811908068384392,1.3215406448486393
1,0,1.839548862803651,2.0173470762110037,-0.4555248590082706,0.41111448583154586,-1.0693418639010228
0,0,-1.601341974308321,-1.48632220133322,0.4881323798028962,-0.9494960822236042,0.1418288806629508
0,1,-1.1525301259893779,-1.1494309246462746,0.04405838506822947,-0.3192132455509982,-0.5345391974701773
1,0,1.3408690313381462,1.545699288849288,-0.6553581566388706,0.8513120225552707,-1.6985214714667234
0,1,1.0416611324588603,0.4002689481136815,-0.6553581566388706,1.201469154040052,-0.20421990349818453
0,1,-1.0029261765497208,-1.216809179983679,-0.9218025534796707,1.1214332382721022,1.6833189191989173
0,1,0.49311331784679363,0.6024037141258181,-0.16132583749655388,0.45113244371552075,-0.6603751189833175
0,1,-1.102662142842816,-0.6777831372845589,0.7545767766436963,-0.9995185295785729,0.03172244933895319
1,0,1.1912650818984891,0.6024037141258181,0.11622040921261281,-0.8194377191006853,1.006950841065789
1,0,0.7923212167261079,0.6024037141258181,-0.005899939339420535,0.04094837540477688,-1.4940380990078708
0,1,-0.8533222271100637,-1.014674413971504,0.49923422967126285,-0.28919977713801653,0.975491860687504
0,1,-0.5042463450842161,-0.0040005839106682,-0.2945480359169539,-0.5393120139128602,-0.2671378642547546
0,1,1.1912650818984891,1.2088080121623426,0.0995676344100628,-0.8494511875136667,-0.9277764521987402
1,0,0.3933773515536983,0.33289069277627714,-0.5831961324944873,0.45113244371552075,-0.2985968446330396
1,0,-1.1525301259893779,-0.8799179032967337,-0.4999322584817373,0.02093939646278981,-0.20421990349818453
0,0,-1.1525301259893779,-0.20613534992284305,-0.5498905828893873,1.1114287488011083,1.3058111546594968
0,1,1.241133065045051,0.19813418210150666,-0.28344618604858723,0.1810112279986892,0.8181969587960789
0,1,1.0915291156053937,1.0066732461501677,-0.993964577624054,1.3015140487499894,-1.1322598246575928
1,0,-0.4543783619376542,0.06337767142673618,-0.9551081030847707,0.5611818278964521,-1.0064239031444528
0,1,-0.5541143282307779,-0.13875709458543867,1.648275691047213,-1.7198417714901226,-1.415390648062158
1,0,0.34350936840713653,0.6697819694632224,-0.42777023433735395,0.1910157174696831,0.28339429236523345
1,0,-0.055434496765273025,0.9392949908127634,0.3160537068432128,-1.1095679137595043,0.8181969587960789
1,0,-0.8533222271100637,-1.014674413971504,0.6935166023676795,-0.8394466980426727,0.5665251157697987
0,1,-0.40451037879112073,-0.8799179032967337,-0.7663766553225373,0.7012446804903645,1.4159175859834945
1,0,0.49311331784679363,0.535025458788452,-0.35560821019297056,-0.46928058761590447,-1.3996611578730156
1,0,0.09416945267438409,-0.2735136052602091,-0.6053998322312206,1.2715005803370083,-0.9592354325770253
0,0,-0.4543783619376542,0.4002689481136815,-1.1493904757811872,0.801289575200302,0.6294430765263688
1,0,0.04430146952785062,-0.5430266266097884,-0.6220526070337706,-0.2391773297830478,-0.5502686876593198
0,1,-0.40451037879112073,-0.8125396479593293,-0.08916381335217055,-0.10911896666012935,0.06318142971723822
1,0,-0.0055665136187112016,-0.20613534992284305,0.0163037603973128,0.7112491699613583,-1.3052842167381606
0,0,-0.30477441249802545,-0.6777831372845589,0.3771138811192295,-0.6293524191518038,0.34631225312180347
0,1,0.1939054189674794,-0.20613534992284305,0.8100860259855296,-0.7694152717457169,0.9283033901200766
0,0,-0.2050384462049018,-0.6104048819471545,0.27164630736974615,0.13098878064372046,-1.6985214714667234
1,0,0.7923212167261079,0.6697819694632224,-0.5998489072970373,0.2610471437666396,0.7867379784177939
0,1,-0.6039823113773113,-0.0040005839106682,-0.3056498857853206,0.4911504015994956,-0.44016225633532224
1,0,0.1440374358209459,-0.2735136052602091,0.16062780868607948,-0.03908754036317282,-0.3615148053896097
1,0,1.0915291156053937,1.2088080121623426,2.4531598065037965,-1.8198866662000601,-1.1322598246575928
1,0,1.7398128965105557,1.2088080121623426,2.247775583939013,-1.6498103451931665,0.8024674686069364
0,1,-1.5514739911617874,-1.48632220133322,-0.6276035319679539,1.0714107909171333,0.34631225312180347
0,1,0.09416945267438409,0.19813418210150666,0.2994009320406628,-0.389244671847954,-1.1322598246575928
1,0,1.8894168459502128,1.6804557995240583,-0.08916381335217055,0.7012446804903645,0.6923610372829389
0,1,0.7923212167261079,0.4002689481136815,-1.2770617492674041,2.582088701037189,-0.5188097072810348
1,0,-0.8533222271100637,-1.2841874353210452,-0.061409188681253876,-0.6093434402098168,-0.4087032759570372
1,0,0.1440374358209459,1.2088080121623426,0.0496093100024128,-0.6993838454487604,-1.446849628440443
1,0,1.839548862803651,2.084725331548408,-0.23903878657512057,0.7412626383743393,-0.9435059423878827
0,1,0.8421891998726413,0.6697819694632224,-0.011450864273603869,-0.6493613980937917,0.5979840961480837
1,0,1.989152812243308,1.9499688208735992,-0.977311802821504,2.2519405484943955,1.4473765663617795
1,0,0.4432453347002318,0.06337767142673618,3.0582106243297797,-2.2200662450398103,0.39350072368923106
1,0,0.7923212167261079,0.06337767142673618,-1.1826960253862873,0.8212985541422897,-0.4873507269027498
1,0,0.1939054189674794,0.9392949908127634,-0.6387053818363206,0.4611369331865146,0.29912378255437594
1,0,-0.055434496765273025,-0.5430266266097884,-0.5720942826261206,1.201469154040052,-0.015466021228474349
0,1,1.540340963924365,1.545699288849288,0.46592868006616284,-0.8394466980426727,-0.10984296236332944
1,0,0.1440374358209459,0.9392949908127634,-0.07251103854962054,-0.1491369245441042,-0.10984296236332944
1,0,0.34350936840713653,0.33289069277627714,2.3365903828859462,-1.8999225819680103,1.3529996252269245
0,1,-1.2522660922824733,-0.5430266266097884,-1.0661266017684374,1.581639753937814,1.2586226840920693
1,0,-0.1053024799118065,-0.2735136052602091,-0.07251103854962054,0.17100673852769604,-0.3615148053896097
0,1,-0.0055665136187112016,-0.47564837127238396,-0.7330711057174373,0.3911055068895581,0.47214817463494363
0,1,-1.1525301259893779,-1.8232134780201652,-0.9662099529531373,0.9213434488522272,-1.1322598246575928
1,0,-0.0055665136187112016,1.0066732461501677,-1.0550247519000706,0.8613165120262646,0.07891091990638074
1,0,-1.0029261765497208,-1.5537004566706243,-0.2612424863118539,-0.12912794560211643,1.4788355467400645
1,0,-0.9031902102566255,-0.47564837127238396,-1.0217192022949706,0.38110101741856417,0.5350661353915137
0,1,-0.30477441249802545,0.6024037141258181,-0.5165850332842873,0.7312581489033454,-1.5097675891970133
1,0,-0.8533222271100637,-0.4082701159350179,-0.39446468473225393,0.6212087647224147,-1.5412265695752982
0,0,-1.4517380248686638,-1.0820526693089085,0.6380073530258462,-0.8594556769846605,0.9912213508766465
0,1,-0.2050384462049018,-0.5430266266097884,0.6213545782232962,-0.9194826138106228,-0.25140837406561206
0,1,-0.9031902102566255,-1.418943945995854,-0.7552748054541706,0.5111593805414834,1.3372701350377818
1,0,-0.15517046305836832,0.19813418210150666,-0.18908046216747057,-0.2291728403120539,-1.6356035107101534
1,0,-0.7037182776704066,-0.0040005839106682,-1.1382886259128207,0.801289575200302,-1.0378828835227378
1,0,-0.9031902102566255,-0.6777831372845589,-0.2778952611144039,0.060957354346764664,-0.2985968446330396
1,0,-0.40451037879112073,-1.0820526693089085,1.8758636133487296,-1.6097923873091917,-1.6356035107101534
1,0,-0.5042463450842161,0.06337767142673618,-0.5276868831526539,0.771276106787321,0.8339264489852214
1,0,0.293641385260603,-0.3408918605976135,2.697400503607863,-1.8599046240840353,-0.6918340993616025
1,0,-0.0055665136187112016,-0.2735136052602091,0.8600443503931796,-1.1295768927014918,-0.21994939368732705
0,1,-0.15517046305836832,0.6697819694632224,-0.5776452075603039,1.0113838540911708,0.9440328803092191
1,0,-0.6039823113773113,-0.6104048819471545,-1.0494738269658874,1.2514916013950206,0.04745193952809571
1,0,-0.8034542439635303,-0.47564837127238396,-0.1946313871016539,-0.0691010087761545,1.3215406448486393
1,0,1.540340963924365,0.8045384801379929,0.7767804763804296,-0.5193030349708732,-1.3052842167381606
1,0,0.49311331784679363,1.4109427781745174,0.25499353256719615,-0.7694152717457169,-0.9120469620095977
0,1,0.293641385260603,0.535025458788452,-0.8329877545327373,0.8112940646712958,-0.31432633482218214
1,0,0.49311331784679363,1.3435645228371131,-0.11691843802308721,-0.0691010087761545,1.3844586056052095
0,1,-1.2522660922824733,-1.3515656906584494,2.74180790308133,-2.3301156292207414,0.31485327274351843
1,0,0.6925852504329842,0.26551243743887276,-0.6053998322312206,1.0914197698591206,1.1013277822006442
1,0,-0.5541143282307779,-0.0040005839106682,-0.13357121282563722,0.2910606121796206,0.975491860687504
0,1,-1.2522660922824733,-1.216809179983679,5.045441750767414,-2.6202458238795603,-1.2423662559815905
1,0,0.1939054189674794,0.06337767142673618,0.41597035565851287,-0.6493613980937917,1.3058111546594968
1,0,-1.0029261765497208,-0.8799179032967337,0.44372498032942953,0.01093490699179592,-0.9906944129553102
1,0,2.188624744829499,2.4216166082353534,0.25499353256719615,-0.10911896666012935,-1.5569560597644407
0,1,-2.199757772066921,-2.6317525420688264,-0.6720109314414207,0.6212087647224147,-1.3210137069273031
1,0,-1.0527941596962826,-1.48632220133322,-0.7885803550592706,0.5011548910704895,-0.06265449179590189
0,1,0.9419251661657366,0.6697819694632224,0.5491925540789129,-0.45927609814491055,0.12609939047380828
1,0,0.8421891998726413,0.06337767142673618,-0.760825730388354,1.0113838540911708,-1.651333000899296
1,0,0.2437734021140412,1.1414297568249383,-0.5221359582184706,0.48114591212850166,-0.3929737857678947
0,1,-1.601341974308321,-1.418943945995854,-0.6720109314414207,0.791285085729308,0.29912378255437594
1,0,-0.4543783619376542,-0.0040005839106682,-0.9551081030847707,1.6316622012927828,1.494565036929207
1,0,0.7923212167261079,0.6024037141258181,-0.8551914542694706,1.0714107909171333,1.368729115416067
0,0,-1.3520020585755685,-1.1494309246462746,-0.18352953723328722,-0.29920426660901045,-0.8491290012530276
1,0,-0.5541143282307779,-0.6777831372845589,-0.7164183309148873,2.572084211566196,1.3058111546594968
0,1,-0.5042463450842161,-1.216809179983679,-1.0050664274924206,0.27105163323763354,-0.9120469620095977
1,0,0.3933773515536983,0.8045384801379929,-0.6053998322312206,1.4415769013439017,-0.3615148053896097
0,1,1.241133065045051,1.2761862674997086,-1.3381219235434207,1.751716074944708,-0.8019405306856001
1,0,1.0416611324588603,0.535025458788452,1.3707294443380462,-1.429711576831304,-0.9592354325770253
0,0,-1.4018700417221304,-1.014674413971504,5.001034351293947,-2.6002368449375726,0.912573899930934
0,1,-0.7037182776704066,-0.2735136052602091,-0.07806196348380388,0.24103816482465185,-1.6670624910884384
0,1,0.4432453347002318,0.4676472034510476,-0.30009896085113724,0.10097531223073951,1.1485162527680717
1,0,-0.8533222271100637,-1.3515656906584494,-0.977311802821504,1.0113838540911708,-0.188490413309042
0,1,1.241133065045051,1.2761862674997086,-0.08361288841798721,-0.5193030349708732,-0.3457853152004672
1,0,-0.5541143282307779,-0.8125396479593293,-0.05585826374707054,-0.7293973138617413,-0.8648584914421701
0,0,1.8894168459502128,2.152103586885774,-0.18352953723328722,0.6912401910193705,0.7238200176612238
1,0,-1.3520020585755685,-1.1494309246462746,-0.710867405980704,0.3210740805926023,-0.7075635895507449
1,0,-0.30477441249802545,0.4676472034510476,-0.6276035319679539,0.571186317367446,1.651859938820632
1,0,-0.2050384462049018,0.6024037141258181,1.7426414149283298,-1.3696846400053415,0.912573899930934
1,0,-0.5042463450842161,-0.8799179032967337,3.9463586137991133,-2.340120118691735,1.5732124878749196
1,0,0.34350936840713653,0.4002689481136815,-0.10581658815472055,0.591195296309433,0.5979840961480837
1,0,-0.30477441249802545,0.535025458788452,-0.9051497786771207,1.3915544539889328,1.6833189191989173
1,0,0.49311331784679363,0.6024037141258181,-0.13357121282563722,-0.2691907981960295,-1.6041445303318682
1,0,0.8920571830192031,0.4002689481136815,6.28884893602448,-2.820335613299435,0.2519353119869484
1,0,-0.6538502945238731,0.13075592676410228,-0.977311802821504,0.5511773384254582,-1.258095746170733
0,0,1.2910010481916128,0.26551243743887276,0.6102527283549295,-0.9895140401075789,-0.7232930797398875
1,0,-0.2549064293514636,0.535025458788452,-1.4213857975561708,1.2414871119240267,0.06318142971723822
1,0,-0.5042463450842161,-0.9472961586340998,0.26609538243556285,-0.13913243507311032,0.2519353119869484
0,1,2.088888778536403,2.152103586885774,-0.794131279993454,1.0514018119751456,-1.5254970793861558
1,0,-0.6039823113773113,-0.7451613926219632,-0.06696011361543722,-0.759410782274723,1.2743521742812118
1,0,0.8920571830192031,0.4676472034510476,-0.5443396579552039,0.9313479383232204,-0.7862110404964575
1,0,1.241133065045051,0.9392949908127634,-0.7219692558490707,1.3115185382209833,0.28339429236523345
1,0,-0.7535862608169684,-1.2841874353210452,0.6824147524993129,-1.1395813821724852,-0.9435059423878827
0,1,0.5429813009933554,0.4676472034510476,3.77427994083943,-2.3301156292207414,-0.45589174652446474
1,0,-0.055434496765273025,-0.47564837127238396,-0.3778119099297039,0.1810112279986892,0.01599295914981068
1,0,1.6899449133639939,1.545699288849288,-1.3991820978194374,1.4815948592278765,-0.8491290012530276
1,0,0.6427172672864507,0.4002689481136815,0.11622040921261281,-0.3192132455509982,0.07891091990638074
1,0,0.34350936840713653,0.535025458788452,1.2930164952594796,-1.269639745295404,-0.6131866484158899
0,0,-0.6538502945238731,-0.3408918605976135,-0.4777285587450039,0.04094837540477688,0.0002634689606681657
0,1,-0.15517046305836832,-0.7451613926219632,0.0662620848049628,-0.45927609814491055,-0.4087032759570372
1,0,0.6427172672864507,-0.0040005839106682,0.06071115987077948,0.15099775958570827,1.400188095794352
0,1,-1.9504178563341688,-2.0927264993697445,2.2866320584782964,-1.669819324135154,-1.1008008442793078
1,0,-0.5541143282307779,-0.13875709458543867,-0.710867405980704,1.6316622012927828,-0.37724429557875216
1,0,-0.9031902102566255,-1.418943945995854,0.0662620848049628,-0.589334461267829,1.2900816644703543
1,0,0.9917931493122984,0.4002689481136815,-0.40001560966643723,0.4911504015994956,-0.3457853152004672
1,0,0.8920571830192031,0.4676472034510476,0.0662620848049628,-0.2291728403120539,-0.6918340993616025
1,0,-0.7037182776704066,-0.07137883924807259,-0.43332115927153725,0.571186317367446,-0.9277764521987402
1,0,1.0915291156053937,0.8719167354753973,-0.8940479288087539,1.551626285524833,-1.1479893148467355
0,0,2.088888778536403,2.354238352897949,0.8045351010513463,-1.0195275085205602,0.7552789980395088
1,0,-1.0527941596962826,-1.7558352226827991,0.3715629561850462,-0.4492716086739167,-1.4783086088187283
0,1,0.8920571830192031,0.535025458788452,0.44372498032942953,-0.8994736348686354,-0.5030802170918923
0,1,-0.40451037879112073,0.26551243743887276,-0.1946313871016539,0.3310785700635955,-1.1165303344684503
0,1,0.5429813009933554,0.6024037141258181,-0.794131279993454,0.5111593805414834,-1.5097675891970133
1,0,0.49311331784679363,0.6024037141258181,0.17172965855444616,-0.5993389507388229,1.3215406448486393
0,1,-0.5541143282307779,-0.0040005839106682,-1.060575676834254,1.8217475012416646,0.8653854293635065
1,0,1.7398128965105557,1.0740515014875722,3.5744466432088298,-2.3001021608077603,0.03172244933895319
0,1,-1.0527941596962826,-0.13875709458543867,0.8544934254589962,-1.0095230190495668,-1.1479893148467355
1,0,-0.5541143282307779,-0.8799179032967337,0.18283150842281282,-0.589334461267829,-0.44016225633532224
1,0,0.8920571830192031,0.6697819694632224,-1.2048997251230207,1.3015140487499894,0.912573899930934
1,0,-0.15517046305836832,-0.2735136052602091,1.0043683986819463,-1.2896487242373915,0.5979840961480837
0,1,0.34350936840713653,0.4002689481136815,-0.5554415078235706,0.17100673852769604,1.1957047233354994
1,0,-0.6039823113773113,-1.014674413971504,-0.4943813335475539,1.0814152803881265,-0.8019405306856001
1,0,-0.15517046305836832,-0.47564837127238396,1.331872969798763,-1.4497205557732915,0.330582762932661
1,0,0.5928492841398889,0.13075592676410228,-0.8551914542694706,0.23103367535365796,-1.0378828835227378
1,0,-1.5514739911617874,-1.48632220133322,0.36601203125086285,-0.29920426660901045,-0.37724429557875216
0,0,-1.3520020585755685,-0.8799179032967337,-0.5609924327577539,0.6212087647224147,-1.446849628440443
1,0,-0.9031902102566255,-1.48632220133322,-0.35005728525878727,-0.3192132455509982,0.40923021387837355
1,0,-1.2522660922824733,-1.1494309246462746,0.3160537068432128,-0.3192132455509982,-0.4873507269027498
1,0,-1.2522660922824733,-0.7451613926219632,-0.5332378080868373,0.35108754900558325,-1.6985214714667234
1,0,-0.2050384462049018,0.535025458788452,-0.7719275802567206,0.08096633328875173,0.15755837085209332
0,1,0.7923212167261079,0.4676472034510476,-0.6553581566388706,0.44112795424452683,-0.21994939368732705
1,0,0.2437734021140412,0.535025458788452,-0.5221359582184706,0.6612267226063896,0.7395495078503663
0,1,-0.953058193403159,-0.7451613926219632,-0.33340451045623726,0.34108305953458934,-0.04692500160675938
1,0,-0.15517046305836832,-0.47564837127238396,-0.5831961324944873,-0.1491369245441042,0.29912378255437594
1,0,-0.6039823113773113,-0.20613534992284305,0.3882157309875962,0.04094837540477688,0.9597623704983616
0,0,-1.3021340754290351,-1.1494309246462746,-0.20573323697002055,0.3610920384765771,0.9597623704983616
0,1,-0.3546423956445589,-1.014674413971504,-1.2992654490041373,2.0618552485455144,-1.0064239031444528
0,0,1.8894168459502128,1.6804557995240583,0.6435582779600295,-1.1996083189984479,0.975491860687504
1,0,-0.6538502945238731,-0.2735136052602091,-0.1280202878914539,-0.1491369245441042,-0.73902256992903
0,0,0.293641385260603,-0.13875709458543867,2.07569691097933,-1.749855239903104,0.7710084882286514
1,0,1.0416611324588603,0.535025458788452,1.2930164952594796,-1.2896487242373915,1.9664497426034826
0,1,1.839548862803651,1.7478340548614628,-0.6109507571654039,0.3310785700635955,1.2743521742812118
1,0,0.7923212167261079,0.4002689481136815,1.6371738411788463,-1.6498103451931665,0.5979840961480837
1,0,-1.102662142842816,-1.7558352226827991,-1.0217192022949706,0.5811908068384392,-0.7547520601181725
0,1,1.4904729807778032,1.545699288849288,0.7490258517095129,-1.0495409769335415,0.01599295914981068
1,0,-1.4018700417221304,-0.9472961586340998,0.21613705802791283,-0.559320992854848,-0.5030802170918923
1,0,-0.0055665136187112016,1.0066732461501677,1.515053492626813,-1.1695948505854665,-0.21994939368732705
0,0,-1.102662142842816,-1.8232134780201652,-0.1280202878914539,0.01093490699179592,0.912573899930934
1,0,0.1939054189674794,0.8045384801379929,-0.37226098499552057,-0.2691907981960295,1.2428931939029269
0,1,0.34350936840713653,-0.2735136052602091,-0.017001789207787204,-0.2791952876670227,-1.3996611578730156
1,0,-1.102662142842816,-1.48632220133322,-0.7053164810465207,0.8313030436132829,-1.2738252363598754
1,0,-0.2549064293514636,-0.8799179032967337,5.60608516911993,-2.7002817396475103,1.1170572723897867
1,0,0.7923212167261079,0.4002689481136815,-0.46662670887663726,0.3911055068895581,-1.6985214714667234
0,1,0.1939054189674794,-0.20613534992284305,0.04405838506822947,-0.19915937189907296,1.1485162527680717
1,0,-0.6538502945238731,-1.0820526693089085,0.8600443503931796,-1.1295768927014918,1.368729115416067
0,1,0.9917931493122984,0.8045384801379929,0.47703052993452955,-0.9294871032816167,1.2743521742812118
0,1,0.49311331784679363,0.6024037141258181,2.0590441361767797,-1.8098821767290667,-1.1165303344684503
0,1,0.6427172672864507,0.535025458788452,-0.2501406364434872,-0.46928058761590447,-0.8491290012530276
1,0,0.9917931493122984,0.33289069277627714,1.498400717824263,-1.2896487242373915,1.0541393116332167
1,0,0.9917931493122984,0.535025458788452,-0.511034108350104,0.27105163323763354,1.9035317818469124
0,0,-0.7037182776704066,-0.13875709458543867,-1.443589497292904,1.5916442434088078,0.6923610372829389
0,1,0.9419251661657366,0.6697819694632224,-0.8607423792036539,0.7412626383743393,0.20474684141952085
0,1,-0.30477441249802545,-0.4082701159350179,-1.1826960253862873,0.7512671278453332,-1.1479893148467355
1,0,-0.8533222271100637,-1.3515656906584494,-0.9884136526898707,1.6916891381187453,-0.42443276614617975
0,1,0.2437734021140412,1.2761862674997086,1.864761763480363,-1.7898731977870788,-0.12557245255247196
1,0,1.8894168459502128,2.084725331548408,-0.6498072317046872,0.24103816482465185,0.6923610372829389
1,0,1.6400769302174603,1.2088080121623426,0.8489425005248129,-0.9394915927526102,-1.415390648062158
1,0,-1.5514739911617874,-1.418943945995854,0.48258145486871284,-1.0095230190495668,1.0855982920115017
0,0,0.4432453347002318,0.9392949908127634,-0.844089604401104,0.27105163323763354,0.20474684141952085
1,0,1.2910010481916128,0.6697819694632224,2.564178305187463,-1.9299360503809915,0.4564186844458011
0,0,0.7923212167261079,0.33289069277627714,0.34935925644831284,-0.7694152717457169,-1.6670624910884384
0,0,-0.6039823113773113,0.06337767142673618,0.9155535997350129,-0.9294871032816167,0.6609020569046538
1,0,-1.5514739911617874,-1.418943945995854,-0.6442563067705039,0.3911055068895581,0.6451725667155113
1,0,1.7398128965105557,1.7478340548614628,-0.23903878657512057,-0.09911447718913546,-1.3682021774947306
1,0,1.241133065045051,0.8045384801379929,-1.7322375938704375,2.0118328011905455,0.9283033901200766
0,1,-0.8034542439635303,0.06337767142673618,-1.1327377009786372,1.781729543357689,-0.188490413309042
1,0,0.8421891998726413,0.33289069277627714,-0.08916381335217055,-0.5293075244418664,1.1485162527680717
1,0,0.2437734021140412,-0.07137883924807259,-0.6442563067705039,0.791285085729308,0.09464041009552325
0,1,0.9917931493122984,0.4002689481136815,0.13287318401516282,0.10097531223073951,1.1957047233354994
0,1,0.2437734021140412,-0.07137883924807259,1.3374238947329462,-1.349675661063354,-0.10984296236332944
1,0,1.1912650818984891,1.2088080121623426,-0.5887470574286706,0.2210291858826648,0.40923021387837355
1,0,1.241133065045051,1.3435645228371131,-0.4610757839424539,0.6312132541934079,1.5732124878749196
0,1,1.6899449133639939,1.3435645228371131,1.1597942968390795,-1.159590361114473,1.4473765663617795
0,0,0.09416945267438409,0.9392949908127634,-1.2215524999255707,1.4615858802858894,-1.4625791186295858
1,0,1.1413970987519555,0.4676472034510476,-0.22238601177257056,-0.21916835084106073,0.4564186844458011
0,1,-1.9504178563341688,-1.8905917333575697,0.44372498032942953,-1.0295319979915543,-1.4311201382513006
1,0,-0.8034542439635303,-1.418943945995854,2.4531598065037965,-1.6798238136061479,-1.446849628440443
1,0,0.1939054189674794,-0.2735136052602091,-0.08916381335217055,-0.1491369245441042,0.2519353119869484
1,0,0.4432453347002318,0.4676472034510476,-0.12246936295727055,0.17100673852769604,1.6046714682532046
1,0,1.390737014484708,1.4783210335118835,1.148692446970713,-1.2596352558244104,-1.0064239031444528
1,0,-0.5541143282307779,0.06337767142673618,0.2105861330937295,0.14099327011471438,-0.44016225633532224
0,1,0.3933773515536983,0.8045384801379929,-0.6109507571654039,1.2314826224530329,-0.4873507269027498
1,0,-0.9031902102566255,-0.8125396479593293,-0.9828627277556873,1.7317070960027203,-1.258095746170733
1,0,0.2437734021140412,0.33289069277627714,0.13842410894934615,-0.17915039295708515,1.431647076172637
0,1,1.839548862803651,1.8825905655362332,-0.960659028018954,0.7312581489033454,-0.9277764521987402
0,1,-0.7535862608169684,-1.3515656906584494,0.965511924142663,-1.4197070873603101,0.7238200176612238
1,0,-0.7037182776704066,-0.13875709458543867,0.12177133414679615,-0.7394018033327352,1.463106056550922
0,0,-1.0029261765497208,-0.4082701159350179,0.1273222590809795,-0.18915488242807907,-0.7862110404964575
1,0,1.0915291156053937,1.1414297568249383,-0.7053164810465207,0.45113244371552075,1.5102945271183497
1,0,-0.5541143282307779,-0.20613534992284305,-0.7330711057174373,0.1910157174696831,1.5574829976857771
1,0,-1.0527941596962826,-1.5537004566706243,0.038507460134046136,-0.2391773297830478,-0.5659981778484624
1,0,0.2437734021140412,1.0066732461501677,-0.22238601177257056,-0.2391773297830478,-0.5502686876593198
1,0,0.1939054189674794,-0.47564837127238396,0.7323730769069628,-0.49929405602888544,1.5889419780640621
1,0,1.3408690313381462,0.33289069277627714,0.0662620848049628,-0.4092536507899418,-1.6041445303318682
0,0,-0.5541143282307779,0.19813418210150666,-1.643422794923504,2.3019629958493644,0.8653854293635065
0,1,1.1413970987519555,0.6697819694632224,-0.10026566322053722,-0.5193030349708732,-0.5659981778484624
0,1,0.6925852504329842,0.535025458788452,1.1042850474972463,-0.9695050611655915,-0.06265449179590189
0,1,-2.0002858394807306,-2.294861265381881,-0.8163349797301873,1.1314377277430954,0.2519353119869484
1,0,-0.30477441249802545,-0.5430266266097884,-0.5276868831526539,0.8212985541422897,-1.3210137069273031
0,1,0.8421891998726413,0.535025458788452,0.30495185697484617,-0.759410782274723,1.5102945271183497
0,1,1.3408690313381462,0.4002689481136815,-1.0550247519000706,1.1214332382721022,-1.6041445303318682
1,0,-0.953058193403159,-0.6777831372845589,1.3762803692722296,-1.2396262768824227,-0.9592354325770253
1,0,-1.3021340754290351,-1.014674413971504,-0.3778119099297039,0.3911055068895581,-0.9906944129553102
1,0,-1.0029261765497208,-1.5537004566706243,-0.6498072317046872,0.5611818278964521,0.5036071550132286
1,0,0.04430146952785062,0.33289069277627714,0.4881323798028962,-1.079554445346523,-0.20421990349818453
0,1,1.2910010481916128,1.3435645228371131,-0.977311802821504,0.571186317367446,-0.2671378642547546
0,1,1.241133065045051,0.26551243743887276,0.22723890789627949,-0.4392671192029228,1.0698688018223592
1,0,-0.8533222271100637,-0.9472961586340998,0.24944260763301282,-1.069549955875529,0.849655939174364
1,0,-0.7535862608169684,-0.0040005839106682,-0.5776452075603039,0.25104265429564576,-1.3052842167381606
0,0,0.34350936840713653,-0.3408918605976135,2.597483854792563,-2.029980945090929,-1.6670624910884384
1,0,-0.40451037879112073,-0.6104048819471545,-1.077228451636804,2.0718597380165082,1.3058111546594968
0,1,0.09416945267438409,0.19813418210150666,0.9155535997350129,-1.0595454664045354,1.7776958603337722
0,1,0.3933773515536983,0.33289069277627714,0.8711462002615462,-1.0295319979915543,0.849655939174364
0,0,-1.1525301259893779,-1.014674413971504,1.0043683986819463,-1.0095230190495668,1.6046714682532046
0,0,-0.055434496765273025,-0.2735136052602091,-0.7164183309148873,1.1214332382721022,-0.15703143293075697
1,0,-1.601341974308321,-1.418943945995854,-0.2778952611144039,-0.6593658875647855,0.2362058217978059
1,0,0.3933773515536983,0.4002689481136815,-0.8607423792036539,1.2915095592789956,0.8968444097417915
1,0,-0.6039823113773113,0.06337767142673618,0.1939333582911795,-0.37924018237696017,1.1485162527680717
0,1,1.1912650818984891,0.13075592676410228,-0.30009896085113724,0.591195296309433,-0.9120469620095977
0,1,-0.2050384462049018,-0.4082701159350179,0.5713962538156462,-0.9695050611655915,-0.44016225633532224
1,0,-0.055434496765273025,-0.5430266266097884,-1.143839550847004,1.0814152803881265,-0.73902256992903
0,1,-1.9005498731876351,-1.8232134780201652,-0.4888304086133706,0.28105612270862673,-1.5254970793861558
0,0,-0.055434496765273025,0.33289069277627714,0.055160234936596136,0.28105612270862673,1.5732124878749196
0,0,0.6925852504329842,0.4002689481136815,0.7490258517095129,-0.6393569086227977,-0.9277764521987402
0,1,-1.2023981091359115,-0.9472961586340998,-0.827436829598554,1.3415320066339642,1.0541393116332167
1,0,-0.055434496765273025,-0.4082701159350179,1.7703960395992464,-1.749855239903104,-1.3524726873055881
1,0,1.7896808796571175,1.613077544186654,3.8464419649838133,-2.3201111397497476,-1.6985214714667234
0,0,1.0915291156053937,0.7371602248006268,-0.35005728525878727,-0.03908754036317282,-0.188490413309042
1,0,-1.3021340754290351,-0.9472961586340998,0.7712295514462463,-0.7694152717457169,1.1327867625789292
1,0,-1.2522660922824733,-1.216809179983679,-0.2778952611144039,0.07096184381775855,0.5193366452023711
1,0,0.8920571830192031,-0.3408918605976135,-0.07806196348380388,-0.03908754036317282,1.8720728014686274
0,0,0.8421891998726413,0.06337767142673618,-0.42777023433735395,-0.169145903486092,-0.9277764521987402
1,0,-1.0029261765497208,-1.216809179983679,0.39931758085596286,-0.9394915927526102,1.368729115416067
0,0,0.3933773515536983,0.19813418210150666,1.3207711199303962,-0.9895140401075789,-1.1008008442793078
0,0,-1.2023981091359115,-0.6777831372845589,1.9202710128221965,-1.4797340241862729,-1.3210137069273031
1,0,-0.6039823113773113,-1.0820526693089085,-0.944006253216404,1.3015140487499894,0.47214817463494363
0,0,-0.953058193403159,-0.07137883924807259,0.8156369509197129,-1.0895589348175165,-0.7547520601181725
1,0,-0.4543783619376542,0.13075592676410228,-1.2326543497939373,1.4815948592278765,1.9349907622251974
1,0,0.3933773515536983,-0.20613534992284305,-0.6720109314414207,0.6612267226063896,-1.5097675891970133
0,1,0.8920571830192031,0.4002689481136815,0.07181300973914614,-0.4092536507899418,-0.1727609231198995
1,0,-1.3021340754290351,-0.6777831372845589,0.2438916826988295,-0.7994287401586979,0.912573899930934
0,1,-1.3520020585755685,-1.1494309246462746,-0.2112841619042039,-0.17915039295708515,-1.6670624910884384
1,0,-1.2522660922824733,-1.216809179983679,-1.177145100452104,1.6516711802347706,1.2743521742812118
1,0,-1.0527941596962826,-1.6884569673453949,0.1939333582911795,-0.4192581402609357,0.7080905274720813
0,1,-0.8034542439635303,-1.014674413971504,0.20503520815954615,-1.2596352558244104,-0.8333995110638851
0,1,0.1440374358209459,1.2088080121623426,0.2938500071064795,-0.7894242506877039,-1.5254970793861558
0,0,0.09416945267438409,-0.13875709458543867,-0.9162516285454874,0.771276106787321,-1.5726855499535832
1,0,0.4432453347002318,0.13075592676410228,-0.8718442290720206,1.0413973225041517,0.362041743310946
1,0,-1.0527941596962826,-1.48632220133322,-0.22238601177257056,-0.2491818192540417,-0.4716212367136073
1,0,1.0915291156053937,0.6024037141258181,-0.48327948367918727,0.23103367535365796,-0.8176700208747426
1,0,1.241133065045051,1.4783210335118835,0.1939333582911795,-0.12912794560211643,-1.226636765792448
0,1,-0.6039823113773113,-0.9472961586340998,-0.1779786122991039,0.23103367535365796,1.5574829976857771
1,0,1.9392848290967462,2.152103586885774,-0.22238601177257056,-0.25918630872503556,-1.5884150401427257
0,1,1.1413970987519555,0.6024037141258181,-0.08916381335217055,0.3210740805926023,1.6046714682532046
0,1,-0.6538502945238731,-0.2735136052602091,-0.48327948367918727,0.27105163323763354,1.1327867625789292
0,1,1.0915291156053937,0.9392949908127634,0.48258145486871284,-0.8394466980426727,-0.7232930797398875
1,0,-1.0029261765497208,-0.7451613926219632,-0.21683508683838723,-0.3292177350219914,-0.06265449179590189
0,1,1.7398128965105557,1.545699288849288,0.2994009320406628,-0.4792850770868976,-1.2423662559815905
0,1,-1.2522660922824733,-0.9472961586340998,-0.6109507571654039,1.0514018119751456,0.330582762932661
0,1,1.6899449133639939,1.4109427781745174,-0.22238601177257056,-0.059096519305160605,1.400188095794352
1,0,1.3408690313381462,0.33289069277627714,1.0321230233528629,-1.0995634242885104,1.5889419780640621
0,1,-0.4543783619376542,-0.8125396479593293,-0.2667934112460372,0.10097531223073951,1.5889419780640621
0,1,0.34350936840713653,0.6024037141258181,-0.2945480359169539,-0.10911896666012935,-0.031195511417616863
1,0,-2.1498897889203876,-2.496996031394056,-0.2723443361802206,-0.5693254823258419,-0.1727609231198995
0,0,0.49311331784679363,1.4783210335118835,-0.2778952611144039,0.03094388593378299,0.1418288806629508
0,0,0.5429813009933554,0.6697819694632224,-1.110534001241904,1.2815050698080015,1.3529996252269245
0,1,-0.5541143282307779,0.33289069277627714,-0.07806196348380388,-0.1491369245441042,-1.2738252363598754
1,0,0.49311331784679363,0.19813418210150666,0.4326231304610629,-0.5493165033838542,0.28339429236523345
1,0,1.540340963924365,1.613077544186654,-0.7497238805199873,2.151895653784458,0.29912378255437594
1,0,1.540340963924365,1.8825905655362332,-0.41111745953480394,0.41111448583154586,0.01599295914981068
1,0,-1.0527941596962826,-0.9472961586340998,4.012969713009313,-2.430160523930679,0.2676648021760909
1,0,0.8920571830192031,0.8045384801379929,1.5705627419686463,-1.3796891294763354,1.5102945271183497
1,0,-0.8034542439635303,-0.4082701159350179,0.005201910528946133,0.3210740805926023,0.5193366452023711
0,1,-1.2522660922824733,-0.4082701159350179,-0.8218859046643706,1.8217475012416646,-1.163718805035878
1,0,1.540340963924365,0.7371602248006268,1.748192339862513,-1.7398507504321101,-1.3996611578730156
1,0,1.4406049976312414,1.4783210335118835,0.7656786265120629,-0.9494960822236042,-0.9749649227661678
1,0,-1.5016060080152256,-1.2841874353210452,-0.46662670887663726,0.35108754900558325,0.22047633160866337
0,1,0.9419251661657366,0.6024037141258181,0.1661787336202628,-0.7494062928037292,1.2586226840920693
0,0,-0.15517046305836832,-0.5430266266097884,-0.39446468473225393,0.9613614067362021,0.3777712335000885
1,0,0.49311331784679363,0.33289069277627714,-0.6109507571654039,-0.059096519305160605,-0.15703143293075697
1,0,-0.8533222271100637,-0.7451613926219632,0.9377572994717462,-1.269639745295404,0.975491860687504
1,0,2.088888778536403,2.152103586885774,-0.41666838446898724,0.4911504015994956,-1.1165303344684503
1,0,-0.2050384462049018,0.4002689481136815,0.5713962538156462,-0.4892895665578915,0.6451725667155113
0,1,-1.2023981091359115,-1.2841874353210452,-0.8884970038745706,1.7417115854737142,0.22047633160866337
1,0,-0.8034542439635303,-1.1494309246462746,-0.48327948367918727,0.8513120225552707,-0.5502686876593198
1,0,-0.4543783619376542,0.26551243743887276,-0.6165016820995873,0.6912401910193705,-0.33005582501132463
1,0,-0.953058193403159,-1.418943945995854,-0.6331544569021372,1.8217475012416646,-0.8019405306856001
1,0,1.0915291156053937,1.2088080121623426,0.4381740553952462,-0.39924916131894794,0.7867379784177939
1,0,-0.0055665136187112016,0.13075592676410228,-0.2945480359169539,-0.35923120343497306,-0.6603751189833175
0,1,0.04430146952785062,-0.6777831372845589,0.40486850579014616,-0.6993838454487604,-1.163718805035878
0,0,-1.1525301259893779,-1.8232134780201652,-1.610117245318404,2.2819540169073766,-0.9592354325770253
0,1,0.09416945267438409,1.0740515014875722,-0.40001560966643723,0.07096184381775855,-1.3367431971164456
0,1,-0.7037182776704066,-0.13875709458543867,-0.6664600065072372,0.4911504015994956,0.11036990028466577
0,1,0.09416945267438409,0.13075592676410228,-0.5609924327577539,1.151446706685083,-1.5884150401427257
1,0,-1.80081390689454,-1.7558352226827991,-0.15022398762818723,-0.3192132455509982,-0.9749649227661678
1,0,-1.3021340754290351,-1.014674413971504,3.1137198736716134,-2.310106650278754,1.0698688018223592
1,0,0.293641385260603,0.535025458788452,-0.03365456401033721,-0.1491369245441042,0.1418288806629508
0,0,-1.0527941596962826,-1.6884569673453949,1.8925163881512796,-1.669819324135154,0.5979840961480837
0,0,1.0915291156053937,0.8719167354753973,1.165345221773263,-1.079554445346523,-1.619874020521011
1,0,-0.8034542439635303,-0.7451613926219632,-0.8218859046643706,0.8413075330842767,-0.12557245255247196
1,0,0.6427172672864507,0.8719167354753973,-0.3611591351271539,1.0714107909171333,-1.5412265695752982
1,0,0.3933773515536983,0.8045384801379929,-0.5831961324944873,0.5611818278964521,1.0384098214440742
1,0,1.1413970987519555,0.8719167354753973,0.4548268301977962,-0.8394466980426727,0.42495970406751604
1,0,-0.7037182776704066,-0.3408918605976135,-0.4943813335475539,0.4211189753025398,-0.7075635895507449
1,0,-1.0527941596962826,-1.5537004566706243,-0.011450864273603869,-0.2291728403120539,-1.4625791186295858
0,1,-0.1053024799118065,0.6697819694632224,2.2699792836757466,-1.9999674766779476,1.2114342135246419
1,0,-0.6039823113773113,-0.07137883924807259,-0.07806196348380388,-0.029083050892178934,-0.4873507269027498
0,1,-1.5016060080152256,-1.1494309246462746,-0.777478505190904,0.6412177436644018,0.3777712335000885
0,1,0.4432453347002318,0.8719167354753973,0.3549101813824962,-0.8194377191006853,1.2900816644703543
1,0,0.7923212167261079,0.6024037141258181,0.11066948427842949,0.02093939646278981,1.3058111546594968
1,0,-0.5541143282307779,-0.0040005839106682,0.13842410894934615,-0.6193479296808106,1.1799752331463567
0,1,0.04430146952785062,0.19813418210150666,-1.077228451636804,1.7116981170607333,-0.5817276680376049
1,0,0.4432453347002318,0.33289069277627714,4.15729376129808,-2.3901425660467037,-0.3615148053896097
1,0,0.8421891998726413,0.6697819694632224,0.8933498999982796,-1.1295768927014918,-1.3996611578730156
1,0,-0.5042463450842161,-0.3408918605976135,1.7870488144017964,-1.669819324135154,-0.5502686876593198
1,0,1.540340963924365,1.7478340548614628,0.0496093100024128,-0.35923120343497306,0.6609020569046538
1,0,-1.0527941596962826,-1.3515656906584494,-0.2723443361802206,0.6212087647224147,-1.6041445303318682
1,0,0.4432453347002318,1.3435645228371131,-0.21683508683838723,0.4211189753025398,1.2586226840920693
1,0,0.5928492841398889,1.1414297568249383,-0.4222193094031706,0.8313030436132829,1.5102945271183497
0,1,-0.15517046305836832,-0.6104048819471545,1.731539565059963,-1.5297564715412415,1.2743521742812118
1,0,0.6925852504329842,0.7371602248006268,-0.42777023433735395,-0.28919977713801653,-1.0536123737118803
1,0,0.293641385260603,1.1414297568249383,0.09401670947587948,-0.5092985454998793,-0.5030802170918923
1,0,-0.5042463450842161,0.06337767142673618,-0.18908046216747057,0.13098878064372046,-0.3615148053896097
1,0,0.6925852504329842,0.33289069277627714,0.5214379294079962,-0.04909202983416672,-1.6985214714667234
1,0,0.34350936840713653,0.535025458788452,-0.33340451045623726,0.9113389593812333,-0.5817276680376049
1,0,-2.1498897889203876,-2.6317525420688264,-1.0883303015051706,1.4415769013439017,0.17328786104123584
1,0,-0.9031902102566255,-1.2841874353210452,-0.42777023433735395,0.991374875149183,-0.6131866484158899
0,1,0.8920571830192031,0.4676472034510476,-0.6109507571654039,0.791285085729308,-0.8648584914421701
0,1,-0.40451037879112073,0.19813418210150666,0.0662620848049628,0.48114591212850166,-1.415390648062158
0,0,1.241133065045051,0.26551243743887276,-0.6498072317046872,0.1910157174696831,0.7552789980395088
0,1,0.09416945267438409,-0.4082701159350179,-0.4610757839424539,0.8813254909682516,1.5260240173074922
0,0,1.1413970987519555,0.8719167354753973,1.1375905971023463,-0.9695050611655915,0.12609939047380828
0,1,0.09416945267438409,-0.4082701159350179,-0.4444230091399039,0.3911055068895581,-1.0850713540901653
1,0,0.09416945267438409,-0.3408918605976135,-1.0883303015051706,1.0213883435621647,-0.15703143293075697
1,0,-0.9031902102566255,-1.2841874353210452,0.4381740553952462,-0.5293075244418664,-1.0850713540901653
1,0,0.34350936840713653,-0.13875709458543867,-0.977311802821504,1.3115185382209833,1.1799752331463567
1,0,0.04430146952785062,-0.20613534992284305,0.5658453288814629,-0.959500571694598,-1.0536123737118803
0,1,0.49311331784679363,1.0740515014875722,-0.4721776338108206,0.0009304175208020274,0.5036071550132286
0,1,0.293641385260603,-0.3408918605976135,-0.05030733881288721,0.02093939646278981,-0.23567888387646954
1,0,-0.2050384462049018,-0.4082701159350179,0.7656786265120629,-0.8894691453976414,1.3058111546594968
0,1,-0.6538502945238731,-0.07137883924807259,-0.5831961324944873,1.3015140487499894,0.5665251157697987
1,0,-1.2023981091359115,-0.9472961586340998,-0.09471473828635388,-0.29920426660901045,-0.031195511417616863
1,0,0.4432453347002318,1.4109427781745174,0.9544100742742962,-1.1195724032304977,-0.5345391974701773
1,0,1.6899449133639939,1.3435645228371131,-0.10026566322053722,-0.4092536507899418,1.6833189191989173
1,0,-1.3520020585755685,-1.1494309246462746,-1.2770617492674041,2.151895653784458,-0.8176700208747426
0,1,0.1939054189674794,0.13075592676410228,0.4104194307243295,-0.3092087560800043,1.9349907622251974
1,0,-1.3021340754290351,-0.8799179032967337,-0.16132583749655388,-0.37924018237696017,-0.25140837406561206
1,0,-0.4543783619376542,0.33289069277627714,-1.1660432505837373,1.4915993486988703,-0.7862110404964575
1,0,1.4406049976312414,0.8045384801379929,0.5269888543421796,-0.3092087560800043,-0.5817276680376049
1,0,-0.6538502945238731,-1.014674413971504,-0.3889137597980706,-0.009074071950191864,-0.644645628794175
1,0,0.6427172672864507,0.33289069277627714,-0.9662099529531373,0.771276106787321,-0.5974571582267474
1,0,-1.0029261765497208,-1.216809179983679,-1.010617352426604,0.8212985541422897,-1.5884150401427257
1,0,-0.3546423956445589,-0.8799179032967337,0.22168798296209616,-0.369235692905967,1.620400958442347
0,0,-1.3021340754290351,-1.418943945995854,-0.827436829598554,1.201469154040052,0.362041743310946
0,1,1.4406049976312414,1.7478340548614628,-0.8052331298618206,0.6412177436644018,-0.4087032759570372
0,1,1.839548862803651,1.8825905655362332,0.8100860259855296,-0.8194377191006853,1.494565036929207
0,1,0.5928492841398889,0.19813418210150666,-1.010617352426604,1.4515813908148956,-0.9277764521987402
1,0,-0.3546423956445589,-0.47564837127238396,-0.061409188681253876,-0.21916835084106073,-0.9906944129553102
1,0,0.3933773515536983,0.4002689481136815,-0.6831127813097873,0.2210291858826648,1.8406138210903424
1,0,-1.2522660922824733,-0.6104048819471545,0.39931758085596286,-0.9795095506365854,1.620400958442347
1,0,-1.6512099574548829,-1.3515656906584494,0.22723890789627949,-0.7794197612167101,-1.0850713540901653
1,0,0.7923212167261079,0.535025458788452,-1.0217192022949706,1.781729543357689,1.368729115416067
1,0,-0.8034542439635303,-1.1494309246462746,-1.227103424859754,1.9117879064806083,-1.3524726873055881
1,0,1.989152812243308,2.084725331548408,-0.7497238805199873,0.7112491699613583,-0.2828673544438971
1,0,0.49311331784679363,0.535025458788452,0.055160234936596136,0.14099327011471438,0.20474684141952085
0,0,-1.3021340754290351,-0.8799179032967337,1.0376739482870463,-1.3196621926503727,0.7867379784177939
1,0,0.49311331784679363,0.6024037141258181,-0.3667100600613373,0.4211189753025398,0.12609939047380828
1,0,0.34350936840713653,-0.3408918605976135,-1.5990153954500375,1.9918238222485578,0.18901735123037833
1,0,-0.8533222271100637,-1.014674413971504,-0.4777285587450039,0.2910606121796206,-0.2985968446330396
1,0,-1.102662142842816,-1.48632220133322,-0.794131279993454,0.25104265429564576,-1.3367431971164456
0,0,1.4904729807778032,1.6804557995240583,-0.1779786122991039,-0.20916386137006684,0.8653854293635065
0,1,-1.0029261765497208,-0.8799179032967337,-0.5720942826261206,0.8212985541422897,1.463106056550922
0,1,-0.5541143282307779,-0.2735136052602091,-1.4158348726219874,1.5316173065828453,0.912573899930934
1,0,-1.0527941596962826,-1.3515656906584494,-1.3492237734117873,2.2919585063783705,-1.0536123737118803
1,0,-0.9031902102566255,-1.1494309246462746,-0.760825730388354,1.1014242593301145,0.5193366452023711
0,0,-0.8034542439635303,-1.1494309246462746,-0.44997393407408726,0.2910606121796206,-1.4625791186295858
1,0,1.839548862803651,1.545699288849288,-0.8607423792036539,0.591195296309433,0.20474684141952085
0,1,-0.055434496765273025,-0.07137883924807259,0.5547434790130962,0.2110246964116709,0.8024674686069364
0,1,1.2910010481916128,0.13075592676410228,0.13287318401516282,-0.09911447718913546,-0.1727609231198995
1,0,-0.5541143282307779,-1.014674413971504,-0.844089604401104,1.7317070960027203,0.7238200176612238
1,0,-0.0055665136187112016,0.8719167354753973,-0.7330711057174373,0.7312581489033454,1.5732124878749196
1,0,0.293641385260603,0.26551243743887276,0.38266480605341285,-0.07910549824714767,1.7776958603337722
0,1,1.241133065045051,0.33289069277627714,2.1034515356502466,-1.8398956451420476,0.362041743310946
0,1,-0.953058193403159,-1.48632220133322,-0.07806196348380388,-0.4092536507899418,0.3777712335000885
1,0,-0.1053024799118065,0.8045384801379929,-0.03365456401033721,-0.4092536507899418,0.4564186844458011
1,0,0.8920571830192031,0.4676472034510476,-0.08916381335217055,0.3310785700635955,-0.7547520601181725
0,0,-0.9031902102566255,-1.418943945995854,-0.42777023433735395,0.5511773384254582,0.9912213508766465
0,1,1.0915291156053937,1.1414297568249383,0.24944260763301282,-0.37924018237696017,-0.7075635895507449
0,1,-1.4018700417221304,-1.418943945995854,0.8211878758538962,-0.959500571694598,-0.4087032759570372
1,0,0.04430146952785062,-0.6104048819471545,-1.0328210521633374,1.8717699485966333,-0.3457853152004672
1,0,-0.4543783619376542,0.33289069277627714,1.0931831976288795,-1.3096577031793792,-0.5345391974701773
1,0,1.2910010481916128,1.4783210335118835,0.8655952753273629,-1.2896487242373915,-1.195177785414163
1,0,0.3933773515536983,1.2761862674997086,-0.694214631178154,0.11097980170173341,0.9912213508766465
1,0,-0.7037182776704066,-1.216809179983679,-0.9884136526898707,2.8221964483410393,1.006950841065789
1,0,0.293641385260603,1.3435645228371131,-0.3223026605878706,0.09097082275974562,0.3777712335000885
0,0,1.2910010481916128,1.3435645228371131,0.6546601278283962,-1.069549955875529,-1.1165303344684503
1,0,0.2437734021140412,0.7371602248006268,-0.2667934112460372,0.2610471437666396,-1.5254970793861558
1,0,-0.7535862608169684,-0.20613534992284305,0.4104194307243295,-0.3292177350219914,-1.6985214714667234
0,1,1.241133065045051,1.2761862674997086,-1.1049830763077206,1.9418013748935892,-0.7547520601181725
1,0,1.1912650818984891,0.06337767142673618,0.09401670947587948,-0.7093883349197543,0.3777712335000885
1,0,-0.4543783619376542,0.4002689481136815,-0.8829460789403873,0.4711414226575085,0.975491860687504
1,0,-0.8533222271100637,-1.418943945995854,1.2597109456543796,-1.349675661063354,0.5822546059589412
0,1,-2.100021805773826,-2.496996031394056,-0.5276868831526539,0.5511773384254582,-0.5030802170918923
0,1,0.9917931493122984,0.8045384801379929,-0.7719275802567206,0.9513569172652081,-1.383931667683873
1,0,1.6899449133639939,1.1414297568249383,-0.7386220306516207,0.7112491699613583,1.651859938820632
1,0,0.6427172672864507,0.33289069277627714,-0.827436829598554,0.5811908068384392,-0.7075635895507449
1,0,-1.2522660922824733,-1.014674413971504,-1.2937145240699541,1.0714107909171333,-1.1008008442793078
1,0,-0.6039823113773113,0.06337767142673618,0.3771138811192295,-0.04909202983416672,-0.04692500160675938
0,1,-2.1498897889203876,-2.5643742867314603,-0.6442563067705039,0.25104265429564576,0.20474684141952085
0,1,-0.6039823113773113,-0.07137883924807259,-1.1549414007153707,2.161900143255452,-0.9749649227661678
1,0,0.4432453347002318,1.613077544186654,-0.927353478413854,1.1014242593301145,0.5350661353915137
1,0,0.7424532335795461,0.33289069277627714,-0.33340451045623726,-0.5793299717968351,0.6137135863372263
0,1,1.0915291156053937,1.0066732461501677,-0.4999322584817373,0.45113244371552075,0.07891091990638074
1,0,0.49311331784679363,0.33289069277627714,-1.2326543497939373,1.0914197698591206,-0.5188097072810348
1,0,-0.5541143282307779,-0.2735136052602091,0.6879656774334962,-0.6293524191518038,1.368729115416067
0,1,0.2437734021140412,-0.13875709458543867,-0.9384553282822207,1.5916442434088078,0.5507956255806562
0,0,0.09416945267438409,1.0066732461501677,-0.6276035319679539,0.4311234647735329,-0.5502686876593198
0,1,1.9392848290967462,2.152103586885774,0.38266480605341285,0.060957354346764664,-0.45589174652446474
1,0,-0.953058193403159,-1.48632220133322,0.14397503388352947,-0.46928058761590447,0.17328786104123584
1,0,1.839548862803651,1.613077544186654,-0.15022398762818723,-0.07910549824714767,1.1957047233354994
1,0,-0.1053024799118065,-0.4082701159350179,3.9796641634042134,-2.4101515449886914,1.463106056550922
1,0,0.293641385260603,-0.4082701159350179,-0.6331544569021372,0.03094388593378299,-0.07838398198504441
1,0,-1.5514739911617874,-1.2841874353210452,-0.5776452075603039,0.5311683594834704,-0.7232930797398875
1,0,0.34350936840713653,1.2761862674997086,-1.1327377009786372,1.7116981170607333,1.3529996252269245
0,0,-0.6039823113773113,-1.216809179983679,-0.4943813335475539,0.4711414226575085,-1.4783086088187283
0,1,-1.601341974308321,-1.7558352226827991,-0.46662670887663726,0.991374875149183,-0.09411347217418692
0,1,0.5429813009933554,0.7371602248006268,-0.3833628348638872,0.060957354346764664,0.8024674686069364
0,1,0.34350936840713653,0.8719167354753973,0.1273222590809795,-0.28919977713801653,-0.7862110404964575
0,1,0.34350936840713653,0.4002689481136815,-0.6720109314414207,0.6312132541934079,-0.37724429557875216
1,0,-1.0029261765497208,-1.014674413971504,-0.7996822049276373,0.6212087647224147,0.22047633160866337
1,0,0.5928492841398889,-0.07137883924807259,-0.13357121282563722,0.09097082275974562,-1.3682021774947306
1,0,1.241133065045051,1.2761862674997086,-0.48327948367918727,0.7412626383743393,-0.4873507269027498
0,1,1.1413970987519555,0.8719167354753973,-0.5276868831526539,0.31106959112160837,0.11036990028466577
1,0,-0.0055665136187112016,-0.13875709458543867,-0.3611591351271539,0.060957354346764664,-0.4716212367136073
0,1,1.540340963924365,1.6804557995240583,1.2597109456543796,-1.3296666821213665,0.7710084882286514
1,0,-0.3546423956445589,-0.5430266266097884,0.010752835463129468,-0.2791952876670227,0.15755837085209332
0,1,0.7424532335795461,0.33289069277627714,0.40486850579014616,-1.0195275085205602,0.6294430765263688
1,0,-0.40451037879112073,-1.014674413971504,-0.844089604401104,1.1114287488011083,-0.15703143293075697
1,0,-0.1053024799118065,-0.0040005839106682,0.8766971251957296,-0.39924916131894794,1.0541393116332167
1,0,-0.0055665136187112016,0.8719167354753973,-0.2556915613776706,0.14099327011471438,-1.258095746170733
1,0,0.04430146952785062,0.9392949908127634,-0.3056498857853206,0.31106959112160837,-1.4940380990078708
1,0,0.49311331784679363,0.6697819694632224,-0.760825730388354,1.5316173065828453,-0.15703143293075697
0,0,0.34350936840713653,0.535025458788452,-1.3492237734117873,1.8217475012416646,1.5102945271183497
0,0,-2.1498897889203876,-2.5643742867314603,3.4523262946567965,-2.3501246081627287,-0.04692500160675938
0,1,-1.2023981091359115,-0.7451613926219632,-0.5887470574286706,0.3210740805926023,1.5417535074966346
0,0,-0.5042463450842161,-0.6777831372845589,-0.5720942826261206,0.3911055068895581,-1.383931667683873
0,1,0.34350936840713653,0.4002689481136815,2.59193292985838,-2.0900078819168915,-0.09411347217418692
1,0,-0.9031902102566255,-1.48632220133322,0.4881323798028962,-0.8494511875136667,-0.6918340993616025
0,1,0.6925852504329842,0.4002689481136815,-0.4444230091399039,0.6912401910193705,-1.2738252363598754
1,0,-0.9031902102566255,-1.0820526693089085,-1.2715108243332207,2.1018732064294894,1.2743521742812118
0,1,-1.4018700417221304,-1.418943945995854,1.1542433719048963,-1.0995634242885104,1.2586226840920693
1,0,-0.6538502945238731,-0.13875709458543867,-0.760825730388354,1.4315724118729078,0.31485327274351843
0,1,0.9917931493122984,0.4002689481136815,-0.022552714141970538,-0.13913243507311032,-1.163718805035878
1,0,-0.8034542439635303,-0.2735136052602091,0.6435582779600295,-0.9795095506365854,0.5979840961480837
0,1,-0.5541143282307779,-0.47564837127238396,0.5158870044738129,-0.7494062928037292,-0.8333995110638851
0,1,1.241133065045051,1.3435645228371131,-0.2889971109827706,0.6112042752514208,1.0541393116332167
1,0,0.1939054189674794,1.2088080121623426,-1.4824459718321874,1.9217923959516021,1.4159175859834945
1,0,-1.8506818900410733,-1.9579699886949358,0.11622040921261281,-0.6793748665067726,1.2271637037137844
1,0,2.03902079538987,2.152103586885774,0.1661787336202628,-0.4192581402609357,0.5979840961480837
1,0,-1.1525301259893779,-0.8799179032967337,1.065428572957963,-1.159590361114473,-0.06265449179590189
1,0,-0.953058193403159,-0.6777831372845589,-0.23348786164093724,0.05095286487577077,-0.7862110404964575
0,1,-1.3021340754290351,-1.3515656906584494,-0.5498905828893873,0.24103816482465185,1.2900816644703543
1,0,1.1912650818984891,1.2088080121623426,-0.35005728525878727,0.6612267226063896,0.03172244933895319
1,0,-0.5042463450842161,0.06337767142673618,1.9258219377563797,-1.8799136030260228,-1.4940380990078708
0,1,0.09416945267438409,0.06337767142673618,0.06071115987077948,-0.12912794560211643,-0.9906944129553102
1,0,0.6427172672864507,0.6697819694632224,-1.060575676834254,0.45113244371552075,-0.4716212367136073
0,1,-1.1525301259893779,-0.8125396479593293,3.0526596993955963,-2.0900078819168915,0.04745193952809571
0,1,2.088888778536403,2.354238352897949,1.1098359724314295,-1.189603829527454,-0.44016225633532224
0,1,-0.953058193403159,-0.8125396479593293,1.5095025676926297,-1.4597250452442854,0.6137135863372263
1,0,-0.5042463450842161,-1.014674413971504,0.11066948427842949,-0.18915488242807907,1.3529996252269245
0,1,0.3933773515536983,1.2761862674997086,-1.0161682773607874,0.4311234647735329,1.6675894290097748
1,0,-1.102662142842816,-0.20613534992284305,-0.8052331298618206,0.2910606121796206,1.5417535074966346
1,0,0.6925852504329842,0.26551243743887276,0.11066948427842949,-0.059096519305160605,1.431647076172637
1,0,-1.1525301259893779,-0.8125396479593293,0.4270722055268795,-0.5793299717968351,0.09464041009552325
1,0,-0.1053024799118065,-0.20613534992284305,-0.6109507571654039,0.2610471437666396,0.29912378255437594
1,0,0.2437734021140412,1.1414297568249383,1.5095025676926297,-1.3196621926503727,-0.9592354325770253
0,1,1.1413970987519555,0.8045384801379929,-0.4721776338108206,0.38110101741856417,0.06318142971723822
1,0,-1.4517380248686638,-1.0820526693089085,0.2438916826988295,-0.8094332296296918,-1.6670624910884384
0,0,1.2910010481916128,0.6697819694632224,-0.5609924327577539,1.1014242593301145,-0.031195511417616863
0,1,-1.4517380248686638,-1.0820526693089085,0.2438916826988295,-0.17915039295708515,0.6609020569046538
0,1,-0.3546423956445589,-0.6104048819471545,0.3382574065799462,-0.46928058761590447,-0.8805879816313127
0,1,0.8421891998726413,0.4002689481136815,1.8703126884145465,-1.7898731977870788,-0.14130194274161448
1,0,0.3933773515536983,1.1414297568249383,-0.33340451045623726,-0.059096519305160605,-1.415390648062158
1,0,0.3933773515536983,0.535025458788452,0.5269888543421796,-1.079554445346523,0.6451725667155113
0,0,1.1413970987519555,0.7371602248006268,0.021854685331496135,-0.2491818192540417,-0.5502686876593198
0,1,1.989152812243308,2.084725331548408,-0.4055665346006206,-0.04909202983416672,-0.3929737857678947
1,0,1.1413970987519555,1.2761862674997086,-0.5831961324944873,1.191464664569058,1.0226803312549315
1,0,0.9917931493122984,0.33289069277627714,0.15507688375189616,-0.389244671847954,0.2519353119869484
1,0,0.34350936840713653,0.7371602248006268,-0.33895543539042056,0.6812357015483766,0.8968444097417915
1,0,-2.100021805773826,-2.294861265381881,-0.17242768736492056,0.6512222331353957,-0.14130194274161448
0,1,-0.2050384462049018,0.535025458788452,0.3549101813824962,-0.45927609814491055,1.4788355467400645
1,0,-0.8533222271100637,-0.0040005839106682,-0.4388720842057206,0.7612716173163271,-0.10984296236332944
1,0,-1.0029261765497208,-1.48632220133322,-0.694214631178154,1.1714556856270708,0.5036071550132286
1,0,-1.4517380248686638,-1.48632220133322,0.24944260763301282,0.23103367535365796,0.42495970406751604
1,0,-0.8533222271100637,-0.47564837127238396,-0.7663766553225373,1.191464664569058,-1.4783086088187283
0,1,0.5928492841398889,0.6697819694632224,-0.6387053818363206,0.14099327011471438,0.362041743310946
1,0,1.7398128965105557,1.545699288849288,0.24944260763301282,-0.4792850770868976,-0.5345391974701773
0,1,-0.2050384462049018,-0.6777831372845589,1.0931831976288795,-1.389693618947329,0.5979840961480837
1,0,-0.5541143282307779,0.33289069277627714,0.5602944039472796,-1.079554445346523,1.368729115416067
1,0,1.390737014484708,0.6024037141258181,0.5380907042105462,-0.49929405602888544,-1.1008008442793078
0,1,0.34350936840713653,0.6697819694632224,1.115386897365613,-1.4397160663022976,1.0698688018223592
1,0,-0.7037182776704066,-1.0820526693089085,-1.2715108243332207,1.9718148433065708,-1.0693418639010228
1,0,-1.3520020585755685,-0.9472961586340998,-0.5165850332842873,1.0113838540911708,0.5665251157697987
0,1,1.1413970987519555,0.6697819694632224,-0.4943813335475539,0.571186317367446,1.0541393116332167
1,0,0.9917931493122984,0.26551243743887276,-1.127186776044454,1.8217475012416646,0.03172244933895319
0,1,-0.40451037879112073,0.4002689481136815,-0.5332378080868373,1.0914197698591206,-0.3615148053896097
1,0,-0.8034542439635303,-0.3408918605976135,3.40791889518333,-2.4701784818146537,-0.15703143293075697
0,1,0.1440374358209459,1.2088080121623426,0.3771138811192295,-0.6293524191518038,1.431647076172637
1,0,0.1440374358209459,1.1414297568249383,-0.5221359582184706,0.7312581489033454,-1.4625791186295858
0,1,0.49311331784679363,1.4783210335118835,0.49923422967126285,-0.7394018033327352,-0.6131866484158899
1,0,0.7424532335795461,0.535025458788452,-0.677561856375604,0.9713658962071959,-1.619874020521011
1,0,0.34350936840713653,0.4002689481136815,1.0043683986819463,-0.9695050611655915,-0.188490413309042
1,0,-0.8034542439635303,-0.7451613926219632,-0.760825730388354,0.48114591212850166,1.463106056550922
0,0,-0.8533222271100637,-0.3408918605976135,-0.10026566322053722,-0.28919977713801653,-0.37724429557875216
1,0,-1.4517380248686638,-1.48632220133322,0.7878823262487963,-1.2396262768824227,1.1485162527680717
1,0,1.1413970987519555,1.2088080121623426,-0.5887470574286706,1.0313928330331579,1.1799752331463567
1,0,-0.40451037879112073,-1.014674413971504,-0.960659028018954,0.9713658962071959,-0.5345391974701773
0,1,1.2910010481916128,1.4783210335118835,-0.44997393407408726,-0.11912345613112324,-1.163718805035878
1,0,-0.15517046305836832,-0.6104048819471545,-0.677561856375604,1.0113838540911708,1.2428931939029269
1,0,-1.9005498731876351,-1.9579699886949358,-0.5276868831526539,0.6712312120773835,1.3529996252269245
0,1,-0.6538502945238731,-0.5430266266097884,-0.5665433576919373,0.571186317367446,1.368729115416067
1,0,-0.8034542439635303,-1.1494309246462746,-0.6498072317046872,0.27105163323763354,1.2271637037137844
0,1,-1.1525301259893779,-1.014674413971504,0.11066948427842949,-0.4792850770868976,0.29912378255437594
0,1,0.7424532335795461,0.26551243743887276,-1.460242272095454,1.561630774995827,0.7867379784177939
0,1,0.49311331784679363,0.8045384801379929,-0.10026566322053722,-0.4192581402609357,-1.4940380990078708
0,1,0.9419251661657366,0.7371602248006268,-0.8829460789403873,1.161451196156077,1.1957047233354994
1,0,0.6925852504329842,0.33289069277627714,-0.35005728525878727,-0.07910549824714767,1.5417535074966346
0,1,0.2437734021140412,-0.0040005839106682,0.22723890789627949,-0.29920426660901045,1.1485162527680717
0,0,0.6925852504329842,0.26551243743887276,0.3937666559217795,-0.13913243507311032,-1.446849628440443
0,1,-1.2522660922824733,-0.9472961586340998,-1.177145100452104,1.2114736435110458,-1.3210137069273031
0,1,2.188624744829499,2.4216166082353534,-0.16132583749655388,-0.10911896666012935,1.431647076172637
0,1,-1.3520020585755685,-1.216809179983679,1.7037849403890464,-1.549765450483229,-1.0536123737118803
0,1,-0.6538502945238731,-1.0820526693089085,-0.6053998322312206,0.9613614067362021,0.42495970406751604
1,0,-0.953058193403159,-1.216809179983679,0.6380073530258462,-0.7894242506877039,-1.3052842167381606
0,1,1.2910010481916128,0.13075592676410228,0.5103360795396296,-0.8994736348686354,-0.12557245255247196
1,0,0.1939054189674794,1.0740515014875722,-0.12246936295727055,-0.09911447718913546,-0.9906944129553102
1,0,0.293641385260603,0.13075592676410228,-0.11136751308890389,0.4611369331865146,-0.6131866484158899
0,0,-2.199757772066921,-2.496996031394056,-0.16687676243073724,-0.4192581402609357,-0.7547520601181725
1,0,-1.3021340754290351,-1.0820526693089085,-0.944006253216404,1.0614063014461395,1.7619663701446298
1,0,0.49311331784679363,-0.3408918605976135,-0.6053998322312206,0.8513120225552707,0.22047633160866337
1,0,0.3933773515536983,0.4676472034510476,-1.110534001241904,1.9117879064806083,1.494565036929207
1,0,-0.6039823113773113,-1.2841874353210452,-0.37226098499552057,1.351536496104958,-1.258095746170733
0,1,-0.30477441249802545,-0.6104048819471545,-0.21683508683838723,0.3310785700635955,-1.5412265695752982
1,0,0.09416945267438409,1.1414297568249383,-0.2556915613776706,0.8313030436132829,0.9283033901200766
0,1,-0.30477441249802545,-0.8799179032967337,-1.3880802479510708,2.0518507590745205,-0.06265449179590189
0,1,1.7896808796571175,1.2088080121623426,-0.5942979823628539,0.25104265429564576,0.6609020569046538
1,0,0.34350936840713653,0.06337767142673618,-0.9051497786771207,1.0814152803881265,-0.5188097072810348
1,0,0.4432453347002318,1.0740515014875722,0.7323730769069628,-0.6493613980937917,0.6294430765263688
0,1,-1.0029261765497208,-0.8799179032967337,-0.2501406364434872,0.2610471437666396,-0.188490413309042
1,0,0.7923212167261079,0.4676472034510476,-0.6387053818363206,1.0514018119751456,1.6675894290097748
1,0,-1.0029261765497208,-0.8799179032967337,-0.15577491256237055,0.5811908068384392,0.09464041009552325
1,0,1.1413970987519555,0.8045384801379929,0.055160234936596136,0.060957354346764664,-0.6603751189833175
1,0,0.3933773515536983,0.8045384801379929,-0.3223026605878706,-0.1491369245441042,1.1485162527680717
1,0,-1.3520020585755685,-0.8799179032967337,0.09401670947587948,-0.3292177350219914,0.09464041009552325
0,1,-0.15517046305836832,0.4676472034510476,-0.22793693670675388,-0.21916835084106073,0.5979840961480837
1,0,-0.7535862608169684,-0.13875709458543867,-0.39446468473225393,0.09097082275974562,0.7710084882286514
0,1,-1.2522660922824733,-1.216809179983679,0.965511924142663,-0.7794197612167101,-1.4311201382513006
0,1,-0.5042463450842161,-0.9472961586340998,0.5880490286181962,-0.6593658875647855,-1.3524726873055881
0,1,0.3933773515536983,1.613077544186654,1.5095025676926297,-1.4897385136572663,0.4406891942566586
0,0,0.1440374358209459,1.2761862674997086,-0.827436829598554,0.9013344699102395,1.3529996252269245
1,0,0.2437734021140412,1.0740515014875722,-0.8551914542694706,1.4815948592278765,1.0226803312549315
1,0,-0.8034542439635303,-0.3408918605976135,-0.4943813335475539,0.791285085729308,0.06318142971723822
1,0,-1.5016060080152256,-1.48632220133322,-1.2382052747281207,2.121882185371477,1.4473765663617795
1,0,-0.6039823113773113,-0.8125396479593293,2.5086690558456297,-1.9299360503809915,-0.770481550307315
1,0,-1.8506818900410733,-1.8232134780201652,-0.927353478413854,1.7717250538866958,-1.1794482952250205
1,0,1.0915291156053937,0.4676472034510476,1.2763637204569296,-1.5097474925992542,-0.2671378642547546
1,0,-0.8034542439635303,-0.2735136052602091,0.948859149340113,-1.269639745295404,0.8653854293635065
0,1,-1.5514739911617874,-1.418943945995854,2.4420579566354297,-1.9599495187939728,-0.6289161386050324
1,0,-0.8034542439635303,-1.0820526693089085,-0.13357121282563722,0.01093490699179592,1.1170572723897867
0,1,1.7398128965105557,1.9499688208735992,-0.05030733881288721,-0.5493165033838542,0.03172244933895319
0,0,-1.1525301259893779,-0.20613534992284305,0.17172965855444616,-0.4192581402609357,0.8181969587960789
0,1,1.7398128965105557,1.7478340548614628,-0.744172955585804,1.161451196156077,-0.7232930797398875
1,0,1.0915291156053937,1.0740515014875722,1.848108988677813,-1.9599495187939728,1.4788355467400645
1,0,0.34350936840713653,-0.07137883924807259,-0.8662933041378373,0.45113244371552075,1.0698688018223592
0,1,-1.0029261765497208,-1.216809179983679,-0.4055665346006206,0.2610471437666396,-1.6670624910884384
1,0,-0.9031902102566255,-1.48632220133322,2.7196042033445966,-2.0099719661489415,-0.188490413309042
1,0,-0.6538502945238731,-0.20613534992284305,-0.42777023433735395,0.6812357015483766,-1.6356035107101534
1,0,-0.9031902102566255,-0.8799179032967337,-0.727520180783254,0.6312132541934079,-1.651333000899296
1,0,-0.7535862608169684,-1.1494309246462746,-1.1382886259128207,0.9813703856781891,1.2271637037137844
0,0,0.5429813009933554,0.7371602248006268,0.4381740553952462,-1.0495409769335415,0.8181969587960789
1,0,1.241133065045051,0.13075592676410228,-0.3445063603246039,0.16100224905670216,-1.446849628440443
1,0,2.188624744829499,2.4889948635727195,-0.16687676243073724,-0.49929405602888544,1.5260240173074922
0,1,-0.3546423956445589,-1.014674413971504,-0.6498072317046872,0.31106959112160837,1.2271637037137844
1,0,0.09416945267438409,0.33289069277627714,-0.6831127813097873,0.6712312120773835,-0.2828673544438971
1,0,1.1912650818984891,0.7371602248006268,-0.10581658815472055,0.2210291858826648,0.5507956255806562
0,1,-0.5541143282307779,0.06337767142673618,-0.3056498857853206,-0.20916386137006684,-0.5502686876593198
1,0,-0.4543783619376542,0.19813418210150666,1.0432248732212297,-1.1295768927014918,-1.0221533933335953
1,0,1.241133065045051,1.3435645228371131,-0.710867405980704,0.4211189753025398,1.0855982920115017
1,0,0.7424532335795461,0.6024037141258181,-0.9662099529531373,0.6512222331353957,1.006950841065789
1,0,-0.7535862608169684,-0.8125396479593293,0.2771972323039295,-0.9394915927526102,-1.5254970793861558
0,0,-2.199757772066921,-2.5643742867314603,-1.1660432505837373,1.5316173065828453,0.42495970406751604
1,0,0.5928492841398889,0.535025458788452,-0.33340451045623726,-0.17915039295708515,0.4878776648240861
1,0,0.7923212167261079,0.6024037141258181,0.9266554496033795,-1.0495409769335415,1.3372701350377818
1,0,0.7424532335795461,0.33289069277627714,-0.794131279993454,0.45113244371552075,0.1418288806629508
1,0,-1.3520020585755685,-1.014674413971504,-0.8607423792036539,-0.03908754036317282,0.5665251157697987
1,0,0.5429813009933554,0.13075592676410228,0.6546601278283962,-0.589334461267829,-0.8805879816313127
0,0,1.7896808796571175,1.613077544186654,-0.5720942826261206,0.5611818278964521,-1.5569560597644407
1,0,1.7398128965105557,1.9499688208735992,-1.4657931970296374,2.442025848443277,0.07891091990638074
0,1,1.7896808796571175,1.815212310198829,1.2541600207201964,-1.2496307663534165,0.11036990028466577
0,0,-0.7535862608169684,-0.5430266266097884,0.16062780868607948,0.060957354346764664,-1.0850713540901653
1,0,0.3933773515536983,1.1414297568249383,-0.2723443361802206,0.6412177436644018,1.7147778995772023
0,0,-0.5042463450842161,-0.8799179032967337,-0.727520180783254,0.8513120225552707,-1.3052842167381606
1,0,1.839548862803651,1.545699288849288,-1.0550247519000706,1.1014242593301145,-0.04692500160675938
0,1,-0.15517046305836832,-0.6104048819471545,-1.0383719770975206,0.6112042752514208,-0.09411347217418692
0,1,1.241133065045051,1.3435645228371131,-0.4888304086133706,0.3210740805926023,1.2743521742812118
1,0,-1.4018700417221304,-1.1494309246462746,1.4262386936798797,-1.6197968767801851,-0.73902256992903
0,0,-0.953058193403159,-1.014674413971504,-0.8163349797301873,0.48114591212850166,0.04745193952809571
1,0,-1.3520020585755685,-1.1494309246462746,-0.11136751308890389,-0.2291728403120539,-0.9906944129553102
1,0,-0.5541143282307779,-1.216809179983679,0.8156369509197129,-0.959500571694598,-0.8648584914421701
1,0,-0.0055665136187112016,-0.6104048819471545,-0.7663766553225373,0.45113244371552075,-1.6985214714667234
1,0,1.0416611324588603,0.8719167354753973,0.5269888543421796,-0.9394915927526102,-0.9120469620095977
1,0,-1.7010779406014163,-1.6210787120079904,0.0163037603973128,-0.25918630872503556,-0.31432633482218214
1,0,-0.3546423956445589,-1.014674413971504,1.2930164952594796,-1.389693618947329,-0.8805879816313127
0,1,-0.15517046305836832,0.13075592676410228,-0.5498905828893873,0.28105612270862673,-1.226636765792448
1,0,1.6400769302174603,0.8719167354753973,-0.8329877545327373,1.3915544539889328,-1.0850713540901653
0,1,-0.3546423956445589,-0.6777831372845589,-0.660909081573054,0.16100224905670216,0.7395495078503663
1,0,-0.9031902102566255,-1.418943945995854,-1.2548580495306707,2.732156043102095,-0.644645628794175
0,0,0.293641385260603,-0.4082701159350179,0.08846578454169614,-0.20916386137006684,-1.3210137069273031
1,0,0.2437734021140412,1.2761862674997086,1.1708961467074464,-1.1695948505854665,1.5574829976857771
0,1,0.293641385260603,-0.20613534992284305,-0.6165016820995873,0.2610471437666396,-1.3367431971164456
1,0,0.7424532335795461,0.26551243743887276,-1.1660432505837373,0.6612267226063896,-1.3210137069273031
0,1,1.6899449133639939,1.2088080121623426,-1.0994321513735374,0.7012446804903645,1.6046714682532046
1,0,1.1413970987519555,0.06337767142673618,-1.210450650057204,1.2715005803370083,0.40923021387837355
1,0,-0.3546423956445589,-0.9472961586340998,-0.31675173565368725,-0.2391773297830478,0.3777712335000885
1,0,-0.5042463450842161,0.26551243743887276,0.14397503388352947,-0.389244671847954,0.29912378255437594
0,1,-0.2050384462049018,-0.4082701159350179,-1.4213857975561708,2.2119225906104205,-0.3929737857678947
1,0,0.6427172672864507,0.4002689481136815,-0.10026566322053722,-0.369235692905967,0.912573899930934
0,1,1.8894168459502128,2.152103586885774,0.948859149340113,-1.349675661063354,1.2900816644703543
0,1,1.0915291156053937,0.8045384801379929,-0.993964577624054,1.2815050698080015,1.0698688018223592
1,0,1.1413970987519555,0.9392949908127634,0.17172965855444616,-0.2791952876670227,-1.4625791186295858
1,0,-0.953058193403159,-0.7451613926219632,3.313553171302213,-2.4101515449886914,-0.4716212367136073
0,1,-1.2023981091359115,-0.8799179032967337,-0.9051497786771207,1.9918238222485578,-0.5345391974701773
1,0,-0.0055665136187112016,-0.20613534992284305,0.08291485960751281,-0.7994287401586979,0.1418288806629508
0,1,1.8894168459502128,2.0173470762110037,1.3873822191405962,-1.6498103451931665,1.6833189191989173
0,1,-0.4543783619376542,0.33289069277627714,-0.6165016820995873,0.3010651016506145,-0.8648584914421701
0,1,-0.8034542439635303,-0.3408918605976135,-0.3056498857853206,0.17100673852769604,0.17328786104123584
0,1,-0.6039823113773113,-0.9472961586340998,0.32715555671157953,-0.4892895665578915,-0.8805879816313127
1,0,0.1440374358209459,1.1414297568249383,-1.2326543497939373,1.6516711802347706,-1.5884150401427257
0,1,-0.055434496765273025,-0.5430266266097884,-0.0003490144052372012,0.3210740805926023,0.3777712335000885
1,0,-0.1053024799118065,-0.6777831372845589,0.15507688375189616,-0.389244671847954,-0.20421990349818453
0,1,-0.6039823113773113,0.4002689481136815,0.5602944039472796,-0.6193479296808106,-1.5569560597644407
1,0,0.34350936840713653,1.2761862674997086,-0.30009896085113724,-0.11912345613112324,-1.5569560597644407
1,0,0.6427172672864507,0.6024037141258181,3.4745299943935297,-2.2600842029237853,0.5507956255806562
1,0,0.09416945267438409,0.9392949908127634,-0.4222193094031706,-0.2491818192540417,0.5822546059589412
0,1,-0.7037182776704066,-0.3408918605976135,-0.6276035319679539,0.5411728489544643,-1.1008008442793078
0,1,-1.2522660922824733,-1.2841874353210452,2.04239136137423,-1.6498103451931665,0.2676648021760909
1,0,0.3933773515536983,0.4676472034510476,-0.43332115927153725,0.28105612270862673,1.0226803312549315
0,0,0.1440374358209459,1.0740515014875722,1.4539933183507963,-1.6398058557221726,-0.1727609231198995
0,1,1.0416611324588603,0.9392949908127634,-0.40001560966643723,0.34108305953458934,-1.1794482952250205
1,0,0.2437734021140412,0.33289069277627714,-0.13357121282563722,-0.3392222244929853,-0.8491290012530276
1,0,0.04430146952785062,0.8719167354753973,-1.2992654490041373,2.472039316856258,-0.6603751189833175
0,1,0.1440374358209459,0.7371602248006268,-0.3445063603246039,0.4211189753025398,0.912573899930934
1,0,-1.3021340754290351,-0.5430266266097884,0.8822480501299129,-1.0595454664045354,0.17328786104123584
1,0,0.49311331784679363,0.6024037141258181,1.498400717824263,-1.429711576831304,1.3215406448486393
0,1,1.1413970987519555,0.6024037141258181,0.23278983283046284,-0.389244671847954,0.01599295914981068
0,0,-1.1525301259893779,-0.7451613926219632,-0.33340451045623726,0.09097082275974562,-0.33005582501132463
0,1,-1.3021340754290351,-0.6777831372845589,0.8100860259855296,-0.9294871032816167,1.0855982920115017
0,1,-0.3546423956445589,-0.7451613926219632,0.2105861330937295,-0.5092985454998793,0.8181969587960789
0,1,1.1912650818984891,0.6697819694632224,-0.41666838446898724,0.4211189753025398,-0.031195511417616863
0,1,-0.2050384462049018,0.6024037141258181,0.5047851546054462,-1.0195275085205602,1.5417535074966346
1,0,1.7398128965105557,1.613077544186654,-0.20018231203583722,-0.3492267139639792,1.3058111546594968
0,1,0.49311331784679363,0.6024037141258181,-0.9995155025582373,1.3415320066339642,1.1327867625789292
0,1,0.04430146952785062,0.8719167354753973,-0.08916381335217055,-0.589334461267829,0.42495970406751604
1,0,0.04430146952785062,0.4002689481136815,1.498400717824263,-1.5697744294252165,-0.1727609231198995
0,1,-1.2023981091359115,-0.3408918605976135,0.9433082244059295,-0.7794197612167101,-0.67610460917246
1,0,0.49311331784679363,1.4783210335118835,-0.16132583749655388,-0.009074071950191864,-0.73902256992903
1,0,0.3933773515536983,0.8719167354753973,-0.08361288841798721,0.35108754900558325,-0.5817276680376049
1,0,1.390737014484708,1.4783210335118835,-0.16687676243073724,-0.3492267139639792,-0.8805879816313127
0,1,-0.5541143282307779,-0.13875709458543867,2.2644283587415632,-1.829891155671054,-0.04692500160675938
0,0,-1.3021340754290351,-0.8799179032967337,-1.0550247519000706,0.8913299804392455,0.18901735123037833
1,0,-0.2549064293514636,-0.47564837127238396,-0.42777023433735395,0.6712312120773835,-1.5884150401427257
1,0,-1.2522660922824733,-0.9472961586340998,-0.5665433576919373,0.3310785700635955,-1.163718805035878
1,0,-1.3520020585755685,-0.9472961586340998,-0.18908046216747057,-0.6493613980937917,-1.4783086088187283
1,0,-1.3520020585755685,-1.1494309246462746,-1.143839550847004,1.5216128171118521,-1.5254970793861558
0,1,1.4406049976312414,0.8045384801379929,-1.160492325649554,1.3715454750469458,1.4473765663617795
0,1,1.8894168459502128,2.0173470762110037,-0.13912213775982055,0.5011548910704895,0.07891091990638074
0,1,0.8920571830192031,0.8719167354753973,0.0163037603973128,0.01093490699179592,0.5350661353915137
1,0,-0.4543783619376542,-0.9472961586340998,-0.727520180783254,0.6712312120773835,1.3844586056052095
0,1,-0.9031902102566255,-0.6104048819471545,0.6213545782232962,-1.1195724032304977,1.2271637037137844
0,1,-0.40451037879112073,-0.9472961586340998,0.2605444575013795,-0.42926262973192886,0.47214817463494363
0,1,1.6899449133639939,1.8825905655362332,0.46037775513197954,-0.4892895665578915,-0.015466021228474349
1,0,-0.6039823113773113,-0.20613534992284305,0.23834075776464617,0.5011548910704895,-1.5254970793861558
0,0,0.293641385260603,1.1414297568249383,-0.21683508683838723,-0.3292177350219914,-1.4311201382513006
0,1,-0.6538502945238731,-0.2735136052602091,1.1042850474972463,-1.269639745295404,-0.45589174652446474
0,1,-0.5541143282307779,-1.216809179983679,2.680747728805313,-1.9999674766779476,-1.3367431971164456
1,0,0.4432453347002318,1.3435645228371131,-0.2556915613776706,-0.12912794560211643,1.7147778995772023
0,1,-0.6039823113773113,-0.8125396479593293,-0.5443396579552039,0.05095286487577077,-0.7075635895507449
1,0,0.6925852504329842,0.26551243743887276,-1.1382886259128207,0.3210740805926023,0.39350072368923106
1,0,0.6925852504329842,0.26551243743887276,-0.8385386794669206,0.5311683594834704,1.2586226840920693
0,1,-0.953058193403159,-1.418943945995854,-1.3103672988725041,1.3915544539889328,-0.8805879816313127
0,0,-1.3520020585755685,-0.8799179032967337,-0.6053998322312206,0.28105612270862673,0.7080905274720813
1,0,1.839548862803651,1.815212310198829,0.005201910528946133,0.48114591212850166,1.3844586056052095
1,0,0.6925852504329842,-0.0040005839106682,1.315220194996213,-1.4397160663022976,-1.226636765792448
1,0,0.4432453347002318,0.4676472034510476,-0.8163349797301873,0.4211189753025398,-0.1727609231198995
1,0,0.4432453347002318,0.6697819694632224,2.5752801550558297,-1.9799584977359603,0.47214817463494363
1,0,0.5928492841398889,0.4002689481136815,0.7268221519727796,-0.9995185295785729,-1.0693418639010228
0,1,-2.199757772066921,-2.6317525420688264,-0.2723443361802206,0.27105163323763354,0.9912213508766465
1,0,-0.6039823113773113,-0.07137883924807259,0.49923422967126285,-0.8094332296296918,-0.9277764521987402
1,0,-0.8034542439635303,-0.20613534992284305,-0.11691843802308721,-0.019078561421185754,0.8968444097417915
1,0,0.1939054189674794,1.0066732461501677,-0.5443396579552039,0.4611369331865146,-0.188490413309042
0,1,0.1939054189674794,1.2088080121623426,0.07736393467332947,-0.6893793559777665,1.5889419780640621
0,1,1.1413970987519555,1.2088080121623426,-0.977311802821504,1.401558943459927,0.17328786104123584
0,0,0.1440374358209459,1.0740515014875722,-0.4222193094031706,0.16100224905670216,-0.09411347217418692
0,0,-1.2023981091359115,-0.8799179032967337,0.6657619776967629,-0.7894242506877039,-0.9277764521987402
1,0,-0.30477441249802545,-0.5430266266097884,0.3771138811192295,-0.8294422085716792,0.5822546059589412
0,1,0.6427172672864507,0.4002689481136815,-0.22238601177257056,-0.389244671847954,0.8653854293635065
1,0,0.9917931493122984,0.6024037141258181,-0.46662670887663726,0.3210740805926023,1.7619663701446298
1,0,1.989152812243308,2.2194818422231783,-0.05030733881288721,-0.5193030349708732,1.620400958442347
1,0,1.0915291156053937,1.0066732461501677,-0.6220526070337706,0.38110101741856417,-0.31432633482218214
1,0,-1.0527941596962826,-0.6104048819471545,-0.1946313871016539,0.3010651016506145,-1.6356035107101534
1,0,-0.5541143282307779,0.19813418210150666,-0.23903878657512057,-0.369235692905967,0.8339264489852214
1,0,-0.40451037879112073,-1.014674413971504,-0.5387887330210206,0.6512222331353957,-1.5254970793861558
1,0,-0.1053024799118065,0.7371602248006268,1.5594608921002797,-1.5097474925992542,1.0384098214440742
1,0,-0.8533222271100637,-0.8125396479593293,0.5880490286181962,-0.959500571694598,-1.1794482952250205
1,0,-0.4543783619376542,0.26551243743887276,0.30495185697484617,-0.6693703770357794,0.6137135863372263
0,0,-1.1525301259893779,-1.6210787120079904,-0.005899939339420535,-0.169145903486092,-0.7075635895507449
0,1,0.293641385260603,0.33289069277627714,3.42457166998588,-2.2000572660978226,-1.446849628440443
0,1,1.0915291156053937,0.7371602248006268,1.0487757981554129,-0.5993389507388229,1.1170572723897867
1,0,0.5928492841398889,0.6697819694632224,0.7268221519727796,-0.6993838454487604,1.4473765663617795
0,1,0.8421891998726413,0.8045384801379929,0.13287318401516282,-0.5493165033838542,0.4878776648240861
0,1,-0.4543783619376542,0.06337767142673618,-0.7053164810465207,0.44112795424452683,-1.3210137069273031
0,1,0.3933773515536983,0.4676472034510476,2.1367570852553466,-1.7598597293740978,-1.1322598246575928
0,1,-0.6538502945238731,-0.2735136052602091,0.8156369509197129,-1.3796891294763354,1.2743521742812118
1,0,0.1440374358209459,-0.07137883924807259,-0.06696011361543722,0.14099327011471438,-1.6670624910884384
0,1,0.9917931493122984,0.4676472034510476,3.4301225949200633,-2.2200662450398103,-1.4311201382513006
0,0,-0.7535862608169684,-0.2735136052602091,0.22168798296209616,-0.6493613980937917,-0.2671378642547546
0,1,1.1413970987519555,0.9392949908127634,1.7537432647966964,-1.6097923873091917,-1.0221533933335953
0,1,0.34350936840713653,-0.2735136052602091,-0.3667100600613373,0.8112940646712958,-0.33005582501132463
1,0,0.8920571830192031,0.8719167354753973,0.0662620848049628,-0.4192581402609357,-0.73902256992903
0,1,-0.7535862608169684,-0.47564837127238396,-0.41111745953480394,0.24103816482465185,1.0226803312549315
1,0,-1.6512099574548829,-1.6210787120079904,-0.1280202878914539,-0.25918630872503556,0.5979840961480837
0,1,-1.4517380248686638,-1.48632220133322,-0.5332378080868373,0.3911055068895581,0.4564186844458011
0,0,-0.1053024799118065,-0.20613534992284305,-0.9495571781505874,0.7412626383743393,0.6294430765263688
1,0,-0.2050384462049018,-0.3408918605976135,0.17172965855444616,-0.4492716086739167,1.2743521742812118
0,1,1.6400769302174603,1.7478340548614628,-0.31675173565368725,0.44112795424452683,-0.5502686876593198
0,1,-1.7010779406014163,-1.7558352226827991,0.02740561026567947,0.23103367535365796,0.975491860687504
1,0,-0.30477441249802545,-0.6104048819471545,-0.5942979823628539,0.5411728489544643,0.4564186844458011
1,0,1.0915291156053937,0.535025458788452,-1.1049830763077206,0.7812805962583141,-0.8491290012530276
0,1,-0.4543783619376542,0.06337767142673618,0.6102527283549295,-0.8394466980426727,-1.0536123737118803
1,0,0.6427172672864507,0.4002689481136815,-0.4888304086133706,0.7512671278453332,-1.0378828835227378
1,0,1.1912650818984891,0.13075592676410228,0.5713962538156462,-1.1695948505854665,-0.31432633482218214
1,0,-0.7037182776704066,-0.6777831372845589,-0.4610757839424539,0.771276106787321,-1.6985214714667234
1,0,1.241133065045051,0.13075592676410228,0.982164698945213,-1.0095230190495668,0.7552789980395088
1,0,-1.3021340754290351,-0.9472961586340998,-0.5554415078235706,0.6412177436644018,0.09464041009552325
1,0,-1.0029261765497208,-1.014674413971504,0.9044517498666462,-1.3296666821213665,1.494565036929207
0,1,0.4432453347002318,-0.20613534992284305,-0.8052331298618206,0.8813254909682516,1.3215406448486393
0,1,1.2910010481916128,1.4109427781745174,0.39931758085596286,-0.009074071950191864,1.6046714682532046
1,0,0.34350936840713653,-0.13875709458543867,-0.7386220306516207,0.8413075330842767,0.6766315470937962
1,0,-1.5514739911617874,-1.5537004566706243,-0.41666838446898724,0.14099327011471438,-1.6041445303318682
0,1,-0.5541143282307779,0.06337767142673618,0.6435582779600295,-0.8494511875136667,1.006950841065789
1,0,1.0915291156053937,0.7371602248006268,-0.3833628348638872,-0.03908754036317282,-0.1727609231198995
1,0,0.09416945267438409,0.19813418210150666,-0.5221359582184706,1.0914197698591206,-1.163718805035878
0,1,0.34350936840713653,0.7371602248006268,-0.9218025534796707,0.991374875149183,-0.188490413309042
1,0,1.2910010481916128,0.535025458788452,-0.2945480359169539,-0.35923120343497306,0.8181969587960789
0,1,-0.7037182776704066,0.06337767142673618,-0.44997393407408726,0.1910157174696831,-0.73902256992903
1,0,1.4406049976312414,0.7371602248006268,0.09401670947587948,0.5311683594834704,0.42495970406751604
1,0,-0.5042463450842161,-1.0820526693089085,-1.0161682773607874,1.2614960908660144,1.2586226840920693
1,0,0.7923212167261079,0.06337767142673618,0.8600443503931796,-1.3696846400053415,-1.4783086088187283
1,0,-0.9031902102566255,-0.5430266266097884,2.1256552353869798,-1.7398507504321101,0.3777712335000885
1,0,0.1939054189674794,-0.0040005839106682,-1.426936722490354,2.61210216945017,-1.0693418639010228
0,1,-0.6538502945238731,-0.3408918605976135,-0.8052331298618206,0.601199785780427,0.07891091990638074
1,0,0.2437734021140412,-0.07137883924807259,-0.8718442290720206,0.6512222331353957,0.40923021387837355
1,0,-2.249625755213483,-2.6991307974062306,0.3216046317773962,-0.2791952876670227,-1.446849628440443
1,0,0.3933773515536983,0.13075592676410228,1.7259886401257798,-1.7198417714901226,-1.1794482952250205
1,0,-0.3546423956445589,-1.0820526693089085,-0.7386220306516207,0.7412626383743393,-1.651333000899296
0,1,-0.40451037879112073,-0.8125396479593293,-1.2493071245964873,1.2514916013950206,1.3372701350377818
1,0,1.241133065045051,1.2761862674997086,-1.027270127229154,0.9413524277942142,0.1418288806629508
0,0,-0.953058193403159,-1.1494309246462746,-0.05030733881288721,0.20102020694067702,1.1957047233354994
0,1,1.0416611324588603,0.9392949908127634,-0.6664600065072372,-0.37924018237696017,-0.9592354325770253
1,0,-0.0055665136187112016,-0.20613534992284305,-1.1826960253862873,2.191913611668433,-0.44016225633532224
1,0,-0.6039823113773113,-0.07137883924807259,-0.5443396579552039,0.16100224905670216,-0.7232930797398875
1,0,-0.40451037879112073,-0.8799179032967337,0.6158036532891129,-0.9494960822236042,-0.23567888387646954
1,0,-1.4018700417221304,-0.8799179032967337,-0.2112841619042039,-0.1491369245441042,-0.3457853152004672
0,0,-0.1053024799118065,0.6024037141258181,-0.6220526070337706,0.7212536594323522,0.9440328803092191
1,0,0.6925852504329842,0.4676472034510476,-0.9051497786771207,1.0614063014461395,-1.3052842167381606
0,1,0.04430146952785062,0.06337767142673618,-0.760825730388354,0.6612267226063896,-1.5412265695752982
0,1,-0.8533222271100637,-1.48632220133322,-0.8163349797301873,1.0413973225041517,-0.10984296236332944
1,0,1.0915291156053937,0.9392949908127634,0.3882157309875962,-0.7894242506877039,-1.0536123737118803
0,1,-0.6039823113773113,-0.20613534992284305,-0.5554415078235706,0.5811908068384392,-0.42443276614617975
1,0,-0.5541143282307779,-0.2735136052602091,0.2771972323039295,-0.5793299717968351,1.400188095794352
1,0,1.3408690313381462,1.613077544186654,-0.4777285587450039,0.7312581489033454,-0.7232930797398875
1,0,-0.0055665136187112016,-0.47564837127238396,-0.7996822049276373,1.6516711802347706,0.22047633160866337
1,0,1.241133065045051,0.13075592676410228,-0.4721776338108206,0.3010651016506145,0.0002634689606681657
1,0,-0.7535862608169684,-0.3408918605976135,1.1042850474972463,-1.4797340241862729,-0.9277764521987402
0,1,-1.0029261765497208,-1.7558352226827991,-0.4222193094031706,0.6512222331353957,1.1642457429572142
0,1,-0.7535862608169684,-0.3408918605976135,-0.022552714141970538,-0.019078561421185754,-0.33005582501132463
0,1,-0.953058193403159,-0.7451613926219632,-0.4444230091399039,1.0313928330331579,0.11036990028466577
1,0,-0.6039823113773113,-0.7451613926219632,-0.7830294301250873,1.151446706685083,-1.6985214714667234
1,0,1.0915291156053937,0.26551243743887276,1.132039672168163,-1.189603829527454,0.975491860687504
0,1,0.2437734021140412,-0.47564837127238396,-0.0003490144052372012,-0.08910998771814158,1.6990484093880598
1,0,0.8421891998726413,0.33289069277627714,0.15507688375189616,-0.08910998771814158,0.09464041009552325
1,0,-1.0029261765497208,-0.9472961586340998,0.3937666559217795,-0.6893793559777665,-0.8176700208747426
1,0,-1.4517380248686638,-1.2841874353210452,0.24944260763301282,-0.3192132455509982,1.6833189191989173
1,0,-1.4517380248686638,-1.0820526693089085,0.06071115987077948,-0.29920426660901045,0.9283033901200766
0,1,-0.6039823113773113,0.06337767142673618,-0.2112841619042039,0.8713210014972584,1.3215406448486393
0,1,-0.8533222271100637,-0.5430266266097884,1.3540766695354962,-1.1695948505854665,0.34631225312180347
0,1,1.8894168459502128,1.6804557995240583,-0.5054831834159206,0.4311234647735329,1.368729115416067
1,0,-0.8533222271100637,-0.0040005839106682,-0.1779786122991039,0.4711414226575085,-0.5502686876593198
1,0,-0.055434496765273025,-0.2735136052602091,-1.360325623280154,0.9713658962071959,0.28339429236523345
1,0,0.49311331784679363,0.535025458788452,-0.910700703611304,1.7217026065317271,-1.383931667683873
1,0,-0.0055665136187112016,0.9392949908127634,-0.9162516285454874,0.1910157174696831,-0.188490413309042
1,0,-0.2549064293514636,-0.6777831372845589,-0.22793693670675388,0.4611369331865146,-0.10984296236332944
1,0,-1.0527941596962826,-1.6210787120079904,1.1542433719048963,-1.469729534715279,0.4406891942566586
0,1,0.9419251661657366,0.6024037141258181,-0.5443396579552039,0.37109652794757103,-1.6985214714667234
0,1,1.4406049976312414,1.6804557995240583,2.1367570852553466,-1.5997878978381979,-1.4311201382513006
1,0,-1.0029261765497208,-1.3515656906584494,-0.08361288841798721,-0.29920426660901045,-0.9277764521987402
1,0,0.5429813009933554,1.545699288849288,-0.02810363907615387,-0.09911447718913546,0.330582762932661
0,1,-1.601341974308321,-1.418943945995854,0.7989841761171629,-0.8194377191006853,-0.5030802170918923
1,0,0.6925852504329842,0.26551243743887276,0.8322897257222629,-0.9394915927526102,0.03172244933895319
0,1,-1.3520020585755685,-1.1494309246462746,0.8766971251957296,-1.2596352558244104,0.20474684141952085
1,0,0.49311331784679363,0.6697819694632224,0.23834075776464617,-0.2491818192540417,1.0698688018223592
1,0,-0.7535862608169684,-1.1494309246462746,-0.44997393407408726,0.401109996360552,-1.0064239031444528
0,0,0.3933773515536983,0.535025458788452,-0.4055665346006206,0.5211638700124772,1.2586226840920693
1,0,-0.1053024799118065,-0.20613534992284305,0.4714796050003462,-0.5793299717968351,-0.188490413309042
0,1,-0.6039823113773113,-0.20613534992284305,-0.22238601177257056,0.03094388593378299,0.7238200176612238
1,0,-0.3546423956445589,-0.6104048819471545,-0.3833628348638872,0.11097980170173341,0.15755837085209332
1,0,-0.5541143282307779,-0.6777831372845589,0.3438083315141295,-0.7694152717457169,1.4788355467400645
0,1,0.7923212167261079,0.26551243743887276,-0.48327948367918727,0.571186317367446,0.881114919552649
1,0,0.8421891998726413,0.8045384801379929,-0.6720109314414207,-0.19915937189907296,0.912573899930934
1,0,-1.2023981091359115,-0.9472961586340998,-1.0217192022949706,0.6412177436644018,-1.4940380990078708
0,0,-0.6039823113773113,-1.014674413971504,-0.9995155025582373,0.7612716173163271,-0.3615148053896097
0,1,0.3933773515536983,0.4676472034510476,-0.9329044033480374,0.4711414226575085,1.5260240173074922
0,0,0.09416945267438409,0.6697819694632224,1.3207711199303962,-1.2496307663534165,0.6766315470937962
1,0,0.8421891998726413,0.13075592676410228,0.8156369509197129,-1.1095679137595043,-0.770481550307315
0,1,-0.8034542439635303,-0.20613534992284305,1.8370071388094464,-1.749855239903104,0.975491860687504
1,0,-0.2050384462049018,-0.5430266266097884,0.3438083315141295,-0.6693703770357794,-1.1794482952250205
0,1,0.9917931493122984,0.4002689481136815,-0.33340451045623726,0.05095286487577077,-1.3210137069273031
0,1,-1.1525301259893779,-0.6777831372845589,0.5380907042105462,-1.0295319979915543,-1.195177785414163
1,0,0.293641385260603,-0.0040005839106682,-1.2548580495306707,1.2915095592789956,-0.23567888387646954
1,0,1.2910010481916128,1.0066732461501677,-0.6220526070337706,-0.10911896666012935,1.651859938820632
0,1,-0.5541143282307779,-1.0820526693089085,1.598317366639563,-1.389693618947329,-1.619874020521011
0,1,-1.2522660922824733,-1.2841874353210452,-1.1382886259128207,3.2023670482388016,0.6766315470937962
0,0,-0.6538502945238731,-0.2735136052602091,0.6380073530258462,-0.5693254823258419,0.4406891942566586
1,0,0.2437734021140412,-0.07137883924807259,-0.20018231203583722,-0.25918630872503556,1.0541393116332167
1,0,1.1413970987519555,0.6697819694632224,-0.7053164810465207,0.7012446804903645,0.881114919552649
1,0,0.09416945267438409,1.1414297568249383,-1.4047330227536208,1.5116083276408583,-1.0378828835227378
1,0,-0.6039823113773113,-0.07137883924807259,-0.31675173565368725,-0.08910998771814158,-0.9906944129553102
1,0,-0.6039823113773113,-0.0040005839106682,-0.7053164810465207,0.6312132541934079,-0.015466021228474349
1,0,1.6899449133639939,1.2088080121623426,-0.22238601177257056,0.5011548910704895,-1.446849628440443
0,1,-0.953058193403159,-1.014674413971504,-0.927353478413854,1.1114287488011083,0.12609939047380828
1,0,-0.5541143282307779,-0.2735136052602091,0.2438916826988295,-0.019078561421185754,1.4788355467400645
1,0,-1.2522660922824733,-1.014674413971504,0.038507460134046136,0.04094837540477688,0.330582762932661
1,0,0.34350936840713653,0.19813418210150666,-0.44997393407408726,0.0009304175208020274,1.5574829976857771
1,0,0.2437734021140412,1.2761862674997086,-1.160492325649554,1.951805864364583,-1.1794482952250205
1,0,-1.6512099574548829,-1.418943945995854,1.132039672168163,-1.2096128084694417,-0.8333995110638851
1,0,-0.5042463450842161,-0.8799179032967337,-0.011450864273603869,0.28105612270862673,1.4788355467400645
1,0,1.1413970987519555,0.06337767142673618,-0.2889971109827706,0.601199785780427,1.1957047233354994
1,0,-1.4018700417221304,-0.9472961586340998,-0.21683508683838723,-0.28919977713801653,0.8339264489852214
1,0,0.9419251661657366,0.19813418210150666,-0.7830294301250873,0.401109996360552,-0.67610460917246
0,1,-0.7535862608169684,-0.8799179032967337,0.6824147524993129,-1.1695948505854665,-1.4625791186295858
1,0,0.3933773515536983,0.26551243743887276,-0.9495571781505874,0.6812357015483766,-1.3682021774947306
0,1,-1.4517380248686638,-1.014674413971504,-0.13357121282563722,0.2110246964116709,-0.42443276614617975
1,0,0.3933773515536983,-0.20613534992284305,-0.9218025534796707,0.5411728489544643,1.1170572723897867
1,0,-1.2522660922824733,-1.0820526693089085,0.5214379294079962,-0.6693703770357794,1.651859938820632
1,0,2.188624744829499,2.4216166082353534,-0.1779786122991039,0.31106959112160837,-1.4940380990078708
0,1,-1.0029261765497208,-1.3515656906584494,0.08846578454169614,-0.29920426660901045,0.04745193952809571
1,0,1.839548862803651,1.6804557995240583,0.5158870044738129,-0.3392222244929853,1.2271637037137844
1,0,-0.8533222271100637,-0.6777831372845589,-0.11136751308890389,0.0009304175208020274,-0.188490413309042
1,0,-1.4018700417221304,-1.2841874353210452,-0.3611591351271539,0.4311234647735329,0.6923610372829389
0,1,-0.7037182776704066,-0.20613534992284305,-0.6498072317046872,0.9713658962071959,0.4878776648240861
0,1,-0.6039823113773113,-0.20613534992284305,-0.3445063603246039,0.8513120225552707,0.47214817463494363
0,1,-1.0029261765497208,-1.6884569673453949,-0.08361288841798721,-0.369235692905967,-0.15703143293075697
1,0,-0.9031902102566255,-0.7451613926219632,-0.5276868831526539,1.3115185382209833,-0.3929737857678947
1,0,-0.8034542439635303,-0.5430266266097884,-1.1327377009786372,1.351536496104958,0.9440328803092191
1,0,0.8421891998726413,0.6024037141258181,0.0995676344100628,-0.059096519305160605,-1.6670624910884384
0,1,1.7896808796571175,1.815212310198829,0.8877989750640962,-0.8494511875136667,-0.04692500160675938
0,1,1.1912650818984891,0.4676472034510476,-0.10026566322053722,0.04094837540477688,0.6923610372829389
0,0,1.3408690313381462,1.4109427781745174,-0.33895543539042056,-0.39924916131894794,1.3058111546594968
1,0,0.3933773515536983,0.8045384801379929,-0.7885803550592706,0.8713210014972584,0.04745193952809571
0,0,-1.2522660922824733,-0.9472961586340998,-0.017001789207787204,-0.12912794560211643,-1.5884150401427257
0,1,-1.4018700417221304,-0.9472961586340998,-0.22793693670675388,0.44112795424452683,-1.5569560597644407
0,0,0.34350936840713653,-0.20613534992284305,0.46592868006616284,-0.7293973138617413,-1.6985214714667234
1,0,1.2910010481916128,1.4783210335118835,-0.10581658815472055,0.3010651016506145,1.5732124878749196
0,1,-0.7535862608169684,-0.2735136052602091,-0.20573323697002055,-0.059096519305160605,-0.37724429557875216
0,1,0.4432453347002318,0.4676472034510476,-0.48327948367918727,0.7312581489033454,-1.3052842167381606
1,0,-0.6039823113773113,-0.20613534992284305,1.1764470716416295,-1.0395364874625477,0.8181969587960789
0,1,-1.102662142842816,-1.0820526693089085,-0.33340451045623726,0.35108754900558325,0.5507956255806562
1,0,0.6925852504329842,0.535025458788452,0.7823314013146129,-0.8594556769846605,1.2114342135246419
0,0,1.989152812243308,2.152103586885774,-1.4879968967663708,2.8622144062250134,0.8339264489852214
1,0,1.7398128965105557,1.3435645228371131,-0.5720942826261206,0.5111593805414834,-1.195177785414163
1,0,1.7398128965105557,1.8825905655362332,1.8758636133487296,-1.7698642188450915,-0.188490413309042
1,0,-0.953058193403159,-1.6210787120079904,-0.4388720842057206,0.6512222331353957,0.5507956255806562
1,0,0.2437734021140412,0.4002689481136815,0.005201910528946133,0.6712312120773835,1.5417535074966346
0,1,0.5928492841398889,0.4676472034510476,-0.06696011361543722,0.11097980170173341,-0.8648584914421701
0,0,1.4406049976312414,0.6697819694632224,-0.3889137597980706,0.8713210014972584,0.34631225312180347
1,0,-0.953058193403159,-1.5537004566706243,0.6935166023676795,-1.2396262768824227,0.5822546059589412
0,1,1.4406049976312414,0.6697819694632224,-0.5665433576919373,0.991374875149183,-0.8333995110638851
1,0,1.241133065045051,1.3435645228371131,0.7434749267753296,-1.0095230190495668,-1.0378828835227378
1,0,-0.8034542439635303,-0.47564837127238396,0.982164698945213,-1.159590361114473,-0.6603751189833175
1,0,1.1413970987519555,0.8045384801379929,-0.8496405293352873,1.351536496104958,-0.770481550307315
1,0,1.9392848290967462,1.9499688208735992,-0.07251103854962054,0.25104265429564576,1.3529996252269245
1,0,1.241133065045051,0.9392949908127634,0.11066948427842949,-0.2391773297830478,1.5889419780640621
0,1,-1.2522660922824733,-1.014674413971504,-0.3056498857853206,0.4711414226575085,-1.0693418639010228
1,0,-0.0055665136187112016,0.8045384801379929,-0.1946313871016539,-0.20916386137006684,-0.7862110404964575
1,0,-1.1525301259893779,-0.6104048819471545,0.13287318401516282,-0.0691010087761545,-0.8176700208747426
1,0,1.241133065045051,0.7371602248006268,0.1772805834886295,-0.5793299717968351,1.463106056550922
1,0,-0.6039823113773113,0.19813418210150666,0.07736393467332947,-0.3192132455509982,-0.1727609231198995
1,0,-0.953058193403159,-1.418943945995854,0.41597035565851287,-0.4192581402609357,1.3844586056052095
1,0,1.2910010481916128,0.6697819694632224,-1.4158348726219874,2.8021874693990516,0.09464041009552325
1,0,-0.0055665136187112016,0.26551243743887276,-0.18908046216747057,0.4911504015994956,0.39350072368923106
1,0,0.9917931493122984,0.4002689481136815,-1.0050664274924206,1.3115185382209833,1.3529996252269245
1,0,-0.30477441249802545,0.6024037141258181,1.1764470716416295,-1.2196172979404352,-1.5412265695752982
0,1,0.7424532335795461,0.26551243743887276,-0.8940479288087539,1.5316173065828453,0.01599295914981068
1,0,0.09416945267438409,-0.3408918605976135,-0.0003490144052372012,-0.46928058761590447,-0.44016225633532224
1,0,0.293641385260603,-0.2735136052602091,-0.6442563067705039,0.9113389593812333,-0.5345391974701773
1,0,-0.5541143282307779,0.06337767142673618,0.22723890789627949,-0.2691907981960295,-0.12557245255247196
0,0,-1.0527941596962826,-1.014674413971504,3.27469669676293,-2.1300258398008665,0.28339429236523345
0,1,-0.5541143282307779,0.4676472034510476,0.5491925540789129,-0.6393569086227977,1.7305073897663448
0,1,-1.4018700417221304,-1.014674413971504,-0.9717608778873207,1.561630774995827,0.8653854293635065
1,0,-1.0527941596962826,-0.6777831372845589,-1.3825293230168874,0.9813703856781891,-1.0221533933335953
0,0,0.2437734021140412,1.0740515014875722,-0.18352953723328722,-0.37924018237696017,-1.5412265695752982
1,0,0.04430146952785062,-0.4082701159350179,3.34130779597313,-2.2100617555688165,-1.1794482952250205
0,1,-0.1053024799118065,0.7371602248006268,1.2430581708518296,-1.4497205557732915,0.9912213508766465
1,0,1.1912650818984891,0.6697819694632224,-0.2945480359169539,0.04094837540477688,1.3215406448486393
0,1,-1.2023981091359115,-1.014674413971504,-0.2723443361802206,0.34108305953458934,0.7238200176612238
1,0,1.241133065045051,1.2761862674997086,-0.5665433576919373,0.6712312120773835,-0.67610460917246
1,0,0.04430146952785062,-0.13875709458543867,-0.18352953723328722,-0.4792850770868976,-1.3682021774947306
0,1,2.138756761682965,2.2868600975605444,-0.31675173565368725,0.38110101741856417,-1.0536123737118803
0,1,0.293641385260603,0.13075592676410228,-0.33895543539042056,0.01093490699179592,-1.619874020521011
0,0,1.540340963924365,0.8719167354753973,2.8694791765675465,-2.029980945090929,0.9283033901200766
1,0,0.2437734021140412,1.1414297568249383,-0.7219692558490707,1.4715903697568833,-0.06265449179590189
1,0,-0.5541143282307779,-1.014674413971504,-0.20018231203583722,0.060957354346764664,0.5822546059589412
1,0,1.241133065045051,0.6024037141258181,0.4714796050003462,-0.559320992854848,0.5979840961480837
1,0,-0.5042463450842161,-0.8799179032967337,-0.4999322584817373,-0.10911896666012935,-1.415390648062158
1,0,0.6925852504329842,0.7371602248006268,2.29218298341248,-1.7298462609611165,0.362041743310946
1,0,-0.4543783619376542,-1.1494309246462746,-0.03365456401033721,0.24103816482465185,-0.9435059423878827
0,0,-0.8533222271100637,-0.3408918605976135,-0.6220526070337706,1.4315724118729078,-0.2985968446330396
0,1,-0.8034542439635303,-1.48632220133322,0.4326231304610629,-0.8394466980426727,1.0226803312549315
0,1,-2.1498897889203876,-2.496996031394056,0.8100860259855296,-0.5092985454998793,-0.37724429557875216
0,1,1.1912650818984891,0.7371602248006268,-0.5942979823628539,0.45113244371552075,1.368729115416067
1,0,-0.2050384462049018,0.13075592676410228,-0.15022398762818723,0.401109996360552,-0.45589174652446474
1,0,1.8894168459502128,1.9499688208735992,0.44372498032942953,-0.42926262973192886,1.1642457429572142
1,0,0.5429813009933554,0.6697819694632224,2.1034515356502466,-1.829891155671054,-1.258095746170733
0,1,0.2437734021140412,0.9392949908127634,1.132039672168163,-1.2396262768824227,-0.9749649227661678
0,1,0.293641385260603,-0.3408918605976135,-0.2612424863118539,-0.5993389507388229,0.5665251157697987
1,0,1.1912650818984891,0.7371602248006268,-0.5054831834159206,0.48114591212850166,1.368729115416067
1,0,1.839548862803651,1.613077544186654,0.9932665488135796,-1.349675661063354,0.34631225312180347
0,1,-0.953058193403159,-1.418943945995854,0.1661787336202628,-0.29920426660901045,-1.2423662559815905
0,1,-0.6538502945238731,-0.13875709458543867,-0.2112841619042039,0.4711414226575085,-0.9435059423878827
1,0,0.8421891998726413,0.33289069277627714,-0.777478505190904,1.3215230276919772,1.0384098214440742
1,0,0.1939054189674794,0.8719167354753973,-0.2445897115093039,1.1214332382721022,1.0541393116332167
0,1,0.09416945267438409,-0.6104048819471545,-0.7386220306516207,0.2210291858826648,-1.0693418639010228
1,0,0.2437734021140412,1.0740515014875722,-0.6331544569021372,0.24103816482465185,-0.09411347217418692
1,0,0.9917931493122984,0.7371602248006268,-0.7386220306516207,1.0514018119751456,1.2428931939029269
1,0,0.34350936840713653,0.535025458788452,3.1858818978159964,-2.1500348187428537,-0.20421990349818453
0,0,0.09416945267438409,-0.2735136052602091,-0.5387887330210206,0.9213434488522272,-0.73902256992903
1,0,-1.3021340754290351,-0.6104048819471545,-0.33895543539042056,0.9813703856781891,0.6609020569046538
1,0,-0.6538502945238731,-0.0040005839106682,0.08846578454169614,-0.7394018033327352,1.400188095794352
1,0,1.1912650818984891,0.7371602248006268,1.8925163881512796,-1.549765450483229,0.7552789980395088
0,1,-1.0029261765497208,-0.5430266266097884,-0.5609924327577539,0.2910606121796206,-0.10984296236332944
1,0,-1.2023981091359115,-0.9472961586340998,-0.07251103854962054,0.2110246964116709,-0.8019405306856001
0,1,1.0915291156053937,0.6024037141258181,-1.3159182238066873,1.3415320066339642,-0.7862110404964575
1,0,-0.6039823113773113,-0.0040005839106682,0.7379240018411463,-0.959500571694598,0.6609020569046538
1,0,0.09416945267438409,0.06337767142673618,-0.5498905828893873,1.1114287488011083,-1.0536123737118803
1,0,1.4406049976312414,1.6804557995240583,0.06071115987077948,0.5511773384254582,-0.5659981778484624
1,0,1.3408690313381462,0.4676472034510476,-0.944006253216404,0.7512671278453332,-1.5254970793861558
1,0,0.293641385260603,-0.4082701159350179,0.055160234936596136,0.34108305953458934,1.9664497426034826
0,0,-0.8533222271100637,-0.6777831372845589,-0.8884970038745706,0.3210740805926023,-1.6985214714667234
1,0,0.34350936840713653,0.8045384801379929,-0.2945480359169539,0.6812357015483766,-0.8176700208747426
1,0,-0.9031902102566255,-0.8125396479593293,0.7046184522360462,-0.8494511875136667,-1.226636765792448
0,0,1.1413970987519555,1.2088080121623426,1.4706460931533463,-1.4997430031282604,-1.0221533933335953
0,1,0.09416945267438409,1.0066732461501677,0.04405838506822947,0.09097082275974562,-0.6603751189833175
0,1,-0.3546423956445589,-1.014674413971504,-0.7497238805199873,0.9413524277942142,-0.23567888387646954
1,0,0.09416945267438409,1.2088080121623426,-0.41666838446898724,0.45113244371552075,1.1170572723897867
1,0,0.293641385260603,-0.47564837127238396,0.3438083315141295,0.02093939646278981,-0.6131866484158899
0,1,1.0915291156053937,0.8045384801379929,-0.8995988537429374,0.3010651016506145,-0.2671378642547546
1,0,-0.4543783619376542,-1.1494309246462746,-0.2778952611144039,-0.18915488242807907,-1.195177785414163
1,0,-0.5042463450842161,0.33289069277627714,1.198650771378363,-1.2096128084694417,-0.8176700208747426
0,1,0.1939054189674794,1.2088080121623426,0.9322063745375629,-0.9995185295785729,0.8968444097417915
1,0,-0.953058193403159,-0.7451613926219632,-0.9551081030847707,0.1910157174696831,0.07891091990638074
1,0,-0.8533222271100637,-0.8125396479593293,-0.4721776338108206,0.9013344699102395,0.912573899930934
1,0,0.4432453347002318,0.7371602248006268,-0.677561856375604,0.07096184381775855,-1.3210137069273031
1,0,0.7424532335795461,0.26551243743887276,-1.493547821700554,1.4215679224019147,-1.289554726549018
0,1,-0.055434496765273025,-0.4082701159350179,1.9424747125589297,-1.3996981084183229,-1.6041445303318682
0,1,0.2437734021140412,-0.13875709458543867,-0.7164183309148873,0.44112795424452683,0.04745193952809571
1,0,-0.4543783619376542,0.26551243743887276,0.06071115987077948,0.3911055068895581,-0.45589174652446474
0,0,-0.8034542439635303,-1.418943945995854,2.2699792836757466,-1.8599046240840353,0.4406891942566586
1,0,-1.0029261765497208,-1.216809179983679,-0.9662099529531373,1.2915095592789956,1.7305073897663448
1,0,-0.4543783619376542,-1.216809179983679,-0.2556915613776706,-0.5092985454998793,0.17328786104123584
1,0,-0.3546423956445589,-0.9472961586340998,-0.5887470574286706,-0.2291728403120539,-1.0378828835227378
1,0,-1.1525301259893779,-0.7451613926219632,-0.44997393407408726,0.11097980170173341,-1.4783086088187283
0,0,0.7424532335795461,0.33289069277627714,-0.005899939339420535,0.4311234647735329,-1.0221533933335953
0,1,0.49311331784679363,1.0066732461501677,-0.05030733881288721,0.3911055068895581,0.8968444097417915
1,0,-1.5016060080152256,-1.5537004566706243,1.8203543640068964,-1.7198417714901226,0.15755837085209332
1,0,-0.6039823113773113,-0.20613534992284305,-1.127186776044454,1.0313928330331579,-1.0064239031444528
1,0,-0.8533222271100637,-0.6104048819471545,-0.677561856375604,2.0518507590745205,0.5507956255806562
1,0,-0.953058193403159,-0.6777831372845589,-0.20573323697002055,0.09097082275974562,0.7080905274720813
1,0,-2.100021805773826,-2.3622395207192852,-0.18908046216747057,-0.4792850770868976,-0.3457853152004672
0,0,0.1939054189674794,-0.47564837127238396,-0.794131279993454,1.1214332382721022,-0.8491290012530276
1,0,-0.3546423956445589,0.535025458788452,-0.6276035319679539,0.24103816482465185,-1.6985214714667234
0,1,-1.0527941596962826,-0.8125396479593293,0.34935925644831284,-0.7894242506877039,-0.770481550307315
0,1,0.49311331784679363,0.6024037141258181,0.08291485960751281,-0.7293973138617413,-0.770481550307315
1,0,1.0416611324588603,0.33289069277627714,0.8711462002615462,-0.9094781243396293,-0.015466021228474349
0,0,-0.40451037879112073,-0.7451613926219632,0.9599609992084795,-1.3596801505343479,-0.20421990349818453
1,0,0.09416945267438409,-0.13875709458543867,-1.0328210521633374,1.9418013748935892,-1.289554726549018
0,1,0.293641385260603,1.4783210335118835,3.52448831880118,-2.1500348187428537,-0.20421990349818453
0,1,0.4432453347002318,0.6024037141258181,1.0432248732212297,-0.9895140401075789,-0.09411347217418692
1,0,-0.2549064293514636,-0.6104048819471545,-0.35005728525878727,0.7812805962583141,1.8091548407120572
1,0,-0.40451037879112073,-0.7451613926219632,-0.9495571781505874,0.7212536594323522,1.0541393116332167
1,0,0.2437734021140412,0.4002689481136815,0.021854685331496135,-0.37924018237696017,-1.226636765792448
1,0,0.7923212167261079,0.4002689481136815,-0.5998489072970373,-0.2491818192540417,0.4564186844458011
0,1,-0.0055665136187112016,0.9392949908127634,-0.8607423792036539,0.6112042752514208,-1.5884150401427257
1,0,-1.0029261765497208,-0.9472961586340998,-0.6053998322312206,1.7016936275897394,-1.0221533933335953
1,0,0.2437734021140412,0.33289069277627714,6.07236286359133,-2.7803176554154603,-1.4311201382513006
0,0,-1.3021340754290351,-0.8125396479593293,-1.193797875254654,1.351536496104958,0.9597623704983616
0,0,1.7896808796571175,1.7478340548614628,-0.22793693670675388,0.02093939646278981,0.7395495078503663
0,1,1.9392848290967462,2.084725331548408,-0.5665433576919373,0.8313030436132829,0.03172244933895319
1,0,-0.15517046305836832,0.7371602248006268,0.6158036532891129,-0.759410782274723,-0.7547520601181725
1,0,0.49311331784679363,0.4676472034510476,1.0432248732212297,-0.5493165033838542,0.29912378255437594
0,1,1.839548862803651,2.0173470762110037,-1.3103672988725041,1.4415769013439017,-1.6670624910884384
1,0,-1.9005498731876351,-1.8905917333575697,-1.0161682773607874,0.3610920384765771,-1.3524726873055881
0,1,1.989152812243308,2.0173470762110037,-0.8995988537429374,1.601648732879802,-0.73902256992903
0,1,0.2437734021140412,0.13075592676410228,0.1772805834886295,-0.5393120139128602,1.88780229165777
1,0,0.1440374358209459,1.1414297568249383,-0.9662099529531373,1.3315275171629704,0.07891091990638074
1,0,-1.3021340754290351,-1.216809179983679,-0.03365456401033721,-0.25918630872503556,0.11036990028466577
1,0,-0.8034542439635303,-0.5430266266097884,0.6213545782232962,-1.149585871643479,0.5193366452023711
0,1,0.9419251661657366,-0.2735136052602091,-0.5554415078235706,0.17100673852769604,1.463106056550922
1,0,0.9917931493122984,0.06337767142673618,-0.9884136526898707,0.5411728489544643,1.0384098214440742
0,1,-0.9031902102566255,-0.7451613926219632,0.41597035565851287,-0.4492716086739167,-1.4625791186295858
0,1,0.1440374358209459,-0.6104048819471545,-0.44997393407408726,0.4311234647735329,1.0541393116332167
0,1,-0.1053024799118065,0.535025458788452,-0.05030733881288721,-0.4792850770868976,0.8653854293635065
1,0,-1.601341974308321,-1.418943945995854,0.9932665488135796,-1.4797340241862729,0.6294430765263688
0,1,0.2437734021140412,1.0740515014875722,0.2105861330937295,-0.3492267139639792,-1.6356035107101534
1,0,1.6400769302174603,0.9392949908127634,0.6602110527625795,-0.9494960822236042,-1.5884150401427257
1,0,-0.4543783619376542,-1.216809179983679,-1.060575676834254,1.6116532223507958,0.03172244933895319
0,1,-1.0029261765497208,-0.8799179032967337,-0.33340451045623726,1.8517609696546455,1.0698688018223592
1,0,-0.5042463450842161,-0.6104048819471545,-0.08916381335217055,-0.13913243507311032,1.0855982920115017
1,0,0.293641385260603,1.1414297568249383,1.1375905971023463,-1.3096577031793792,0.04745193952809571
0,1,1.4904729807778032,1.4783210335118835,-1.5657098458449374,3.132335621941845,0.22047633160866337
1,0,0.3933773515536983,0.4676472034510476,0.5214379294079962,-1.2196172979404352,-1.6985214714667234
1,0,1.989152812243308,2.084725331548408,0.6047018034207462,-0.42926262973192886,0.17328786104123584
1,0,0.7424532335795461,0.4676472034510476,0.4381740553952462,-0.4492716086739167,1.7305073897663448
1,0,-1.601341974308321,-1.3515656906584494,0.7545767766436963,-1.0295319979915543,-0.9749649227661678
1,0,0.6427172672864507,0.535025458788452,-0.044756413878703875,1.3415320066339642,-0.8019405306856001
1,0,-0.40451037879112073,-1.0820526693089085,-0.35560821019297056,-0.12912794560211643,-1.3524726873055881
1,0,-0.953058193403159,-0.8799179032967337,0.7989841761171629,-1.0895589348175165,0.8339264489852214
0,1,-0.3546423956445589,-0.6104048819471545,0.1772805834886295,-0.169145903486092,-0.770481550307315
0,0,-0.6538502945238731,0.13075592676410228,0.4104194307243295,-0.39924916131894794,-1.6985214714667234
0,1,-1.2522660922824733,-1.1494309246462746,0.46037775513197954,-0.2791952876670227,-0.07838398198504441
0,1,-0.055434496765273025,0.9392949908127634,-0.3278535855220539,0.4911504015994956,0.0002634689606681657
1,0,0.1440374358209459,1.0740515014875722,0.3105027819090295,-0.11912345613112324,0.7238200176612238
1,0,-1.601341974308321,-1.48632220133322,-0.8052331298618206,0.771276106787321,0.7395495078503663
0,1,-1.2023981091359115,-1.014674413971504,1.714886790257413,-1.629801366251179,-1.1165303344684503
0,1,0.1440374358209459,-0.07137883924807259,-0.511034108350104,0.6512222331353957,-1.258095746170733
1,0,-0.1053024799118065,-0.20613534992284305,-0.5998489072970373,0.03094388593378299,-0.10984296236332944
1,0,1.3408690313381462,0.33289069277627714,-0.5165850332842873,0.09097082275974562,1.620400958442347
1,0,-0.6039823113773113,-0.2735136052602091,1.948025637493113,-1.5997878978381979,1.0226803312549315
0,1,-0.7535862608169684,-1.216809179983679,0.13842410894934615,-0.2491818192540417,-1.4625791186295858
1,0,-0.9031902102566255,-1.1494309246462746,0.2771972323039295,-0.6793748665067726,-0.21994939368732705
1,0,-0.8533222271100637,-0.6104048819471545,-0.6553581566388706,0.7412626383743393,-1.1794482952250205
1,0,-0.0055665136187112016,-0.5430266266097884,0.14952595881771283,-0.559320992854848,-1.415390648062158
0,0,-1.7010779406014163,-1.5537004566706243,-0.8496405293352873,2.231931569552408,-0.12557245255247196
0,0,0.5429813009933554,0.535025458788452,1.4040349939431462,-1.4197070873603101,0.20474684141952085
0,1,1.1413970987519555,1.1414297568249383,0.5602944039472796,-0.8494511875136667,1.431647076172637
1,0,0.9419251661657366,-0.2735136052602091,-0.5165850332842873,0.3210740805926023,1.8406138210903424
1,0,0.3933773515536983,1.2088080121623426,2.1589607849920798,-1.8198866662000601,1.5889419780640621
0,0,-0.7037182776704066,-0.6104048819471545,-0.6442563067705039,0.4311234647735329,-1.2423662559815905
1,0,-0.1053024799118065,-0.47564837127238396,-0.8496405293352873,0.9413524277942142,0.12609939047380828
1,0,-0.7037182776704066,-0.13875709458543867,0.9155535997350129,-1.1695948505854665,-0.6918340993616025
1,0,0.8920571830192031,-0.20613534992284305,-0.5387887330210206,0.5311683594834704,1.9664497426034826
1,0,-0.7535862608169684,-0.8799179032967337,0.19948428322536282,-0.6093434402098168,0.31485327274351843
0,0,-0.4543783619376542,0.06337767142673618,-0.6553581566388706,0.1209842911727273,0.6451725667155113
0,1,-0.5541143282307779,0.06337767142673618,-0.5443396579552039,0.1209842911727273,1.2743521742812118
0,1,0.3933773515536983,0.8045384801379929,0.2938500071064795,-0.7093883349197543,-0.4087032759570372
1,0,-1.0029261765497208,-1.216809179983679,-0.3889137597980706,0.5511773384254582,1.6675894290097748
1,0,0.293641385260603,-0.0040005839106682,-0.15577491256237055,-0.3092087560800043,-0.04692500160675938
1,0,0.34350936840713653,-0.13875709458543867,0.3160537068432128,-0.8494511875136667,0.2362058217978059
1,0,-0.5541143282307779,-0.0040005839106682,-0.6498072317046872,0.3610920384765771,-0.4716212367136073
1,0,-1.5016060080152256,-1.418943945995854,-0.2556915613776706,0.6112042752514208,1.0226803312549315
0,0,0.34350936840713653,0.13075592676410228,-0.33340451045623726,1.2314826224530329,-1.5569560597644407
0,0,-0.2050384462049018,-0.5430266266097884,0.3216046317773962,-0.369235692905967,-1.1479893148467355
1,0,0.49311331784679363,1.545699288849288,-0.28344618604858723,0.2610471437666396,-0.015466021228474349
1,0,-1.2023981091359115,-0.9472961586340998,4.69018255497968,-2.5602188870535976,0.9912213508766465
1,0,0.5928492841398889,1.0740515014875722,-0.43332115927153725,1.2915095592789956,1.5732124878749196
1,0,-1.2522660922824733,-0.6104048819471545,-0.13357121282563722,-0.4892895665578915,1.651859938820632
1,0,-0.40451037879112073,0.19813418210150666,-0.1779786122991039,0.13098878064372046,0.7867379784177939
0,1,0.293641385260603,0.19813418210150666,0.41597035565851287,-0.7293973138617413,-1.6985214714667234
0,1,1.6400769302174603,1.0066732461501677,0.1661787336202628,-0.3392222244929853,-0.9592354325770253
1,0,0.1440374358209459,0.9392949908127634,-1.0883303015051706,1.7717250538866958,0.5350661353915137
0,1,1.1413970987519555,1.1414297568249383,-0.6442563067705039,0.4611369331865146,-0.23567888387646954
1,0,1.0915291156053937,0.6024037141258181,0.3604611063166795,0.05095286487577077,-0.6289161386050324
0,1,0.7923212167261079,0.4676472034510476,1.5206044175609963,-1.5397609610122351,1.6046714682532046
1,0,0.9917931493122984,0.06337767142673618,-0.7219692558490707,1.0413973225041517,1.006950841065789
1,0,-0.5042463450842161,-0.8799179032967337,-0.6276035319679539,-0.13913243507311032,-1.446849628440443
1,0,0.09416945267438409,1.0740515014875722,-0.15577491256237055,-0.42926262973192886,0.8181969587960789
0,1,0.8920571830192031,0.7371602248006268,-0.777478505190904,0.1810112279986892,0.2676648021760909
0,1,1.7896808796571175,1.545699288849288,0.8822480501299129,-0.869460166455654,-0.12557245255247196
1,0,1.390737014484708,1.7478340548614628,-0.42777023433735395,-0.059096519305160605,-1.3524726873055881
0,1,1.0915291156053937,1.0066732461501677,0.1273222590809795,-0.19915937189907296,0.849655939174364
0,1,-0.055434496765273025,-0.47564837127238396,-0.48327948367918727,0.1910157174696831,-0.031195511417616863
0,1,0.1440374358209459,1.2088080121623426,-0.3112008107195039,0.5111593805414834,1.1485162527680717
1,0,-0.8533222271100637,0.06337767142673618,0.0329565351998628,-0.369235692905967,-0.2828673544438971
1,0,0.5429813009933554,0.33289069277627714,-0.05585826374707054,-0.12912794560211643,-0.2671378642547546
1,0,-1.3021340754290351,-0.6777831372845589,1.631622916244663,-1.7398507504321101,0.8339264489852214
1,0,1.540340963924365,0.8719167354753973,0.6546601278283962,-0.8194377191006853,1.7147778995772023
0,1,-0.7037182776704066,-0.4082701159350179,-0.41666838446898724,-0.3092087560800043,1.1170572723897867
1,0,0.4432453347002318,-0.0040005839106682,0.7323730769069628,-1.3196621926503727,1.431647076172637
0,1,0.1440374358209459,1.1414297568249383,0.5935999535523795,-1.1095679137595043,1.4159175859834945
0,1,-0.0055665136187112016,-0.2735136052602091,0.4381740553952462,-0.37924018237696017,-0.8648584914421701
0,1,-0.6039823113773113,-0.13875709458543867,0.0662620848049628,-0.3392222244929853,-1.4625791186295858
0,0,0.1939054189674794,-0.2735136052602091,0.1772805834886295,-0.6393569086227977,0.28339429236523345
1,0,-0.0055665136187112016,1.0066732461501677,-0.5221359582184706,0.16100224905670216,-0.42443276614617975
1,0,-0.3546423956445589,-0.6104048819471545,0.5269888543421796,-0.3192132455509982,-0.7232930797398875
1,0,-1.0029261765497208,-1.6210787120079904,0.8600443503931796,-1.0895589348175165,0.9597623704983616
1,0,0.1939054189674794,1.1414297568249383,-1.2493071245964873,1.951805864364583,0.8181969587960789
0,1,-0.8533222271100637,-0.6777831372845589,1.4595442432849797,-1.2496307663534165,-0.5817276680376049
1,0,1.390737014484708,1.6804557995240583,-0.42777023433735395,0.34108305953458934,-0.6289161386050324
0,0,1.7896808796571175,1.613077544186654,-0.4388720842057206,1.3715454750469458,1.6675894290097748
0,1,1.4904729807778032,1.8825905655362332,0.6047018034207462,-0.7894242506877039,-0.06265449179590189
1,0,0.04430146952785062,-0.5430266266097884,-0.03365456401033721,-0.29920426660901045,-0.10984296236332944
1,0,-0.2050384462049018,-0.6104048819471545,-0.35005728525878727,0.5311683594834704,0.912573899930934
1,0,-1.3021340754290351,-1.1494309246462746,0.0496093100024128,0.6612267226063896,-1.5884150401427257
1,0,-0.0055665136187112016,-0.4082701159350179,-0.4388720842057206,0.35108754900558325,-0.09411347217418692
0,0,1.2910010481916128,0.26551243743887276,0.41597035565851287,-0.39924916131894794,-0.5345391974701773
0,1,-0.9031902102566255,-1.48632220133322,0.21613705802791283,-0.5493165033838542,0.29912378255437594
0,1,-1.4018700417221304,-1.014674413971504,-1.0328210521633374,0.6512222331353957,1.2114342135246419
0,1,-0.15517046305836832,-0.6777831372845589,0.5880490286181962,-0.8094332296296918,0.7395495078503663
1,0,-0.8034542439635303,-1.3515656906584494,0.005201910528946133,-0.21916835084106073,-1.5884150401427257
1,0,-1.2522660922824733,-0.7451613926219632,1.1042850474972463,-1.5997878978381979,1.368729115416067
0,1,1.0915291156053937,0.7371602248006268,-0.5831961324944873,1.8617654591256394,-0.09411347217418692
1,0,-1.601341974308321,-1.6210787120079904,-0.9495571781505874,1.201469154040052,0.5036071550132286
0,1,-1.5016060080152256,-1.5537004566706243,-1.543506146108204,1.1114287488011083,0.34631225312180347
1,0,-1.3021340754290351,-1.0820526693089085,-0.8940479288087539,-0.009074071950191864,-0.7075635895507449
1,0,0.1440374358209459,-0.2735136052602091,0.3216046317773962,-0.8194377191006853,-0.5502686876593198
1,0,-0.40451037879112073,0.26551243743887276,0.39931758085596286,-0.35923120343497306,-1.195177785414163
1,0,0.6925852504329842,0.4676472034510476,0.7545767766436963,-0.9294871032816167,-0.25140837406561206
0,1,-0.1053024799118065,0.8719167354753973,-0.12246936295727055,0.1209842911727273,-0.04692500160675938
0,1,-1.2023981091359115,-0.2735136052602091,-0.05030733881288721,-0.2691907981960295,-1.5412265695752982
1,0,0.34350936840713653,0.13075592676410228,0.5547434790130962,-0.8594556769846605,-0.9435059423878827
1,0,-0.5541143282307779,-0.8799179032967337,-1.0161682773607874,1.0714107909171333,1.2114342135246419
1,0,-1.3021340754290351,-1.1494309246462746,-0.2556915613776706,0.1209842911727273,-1.0221533933335953
0,0,-0.5541143282307779,0.06337767142673618,-1.193797875254654,1.4615858802858894,1.2114342135246419
1,0,-1.2023981091359115,-0.6777831372845589,-0.2667934112460372,0.3210740805926023,-1.5884150401427257
1,0,-1.2522660922824733,-0.9472961586340998,0.07181300973914614,0.4911504015994956,-0.4873507269027498
0,1,-0.5042463450842161,0.13075592676410228,0.32715555671157953,-0.6593658875647855,-1.0064239031444528
1,0,-0.4543783619376542,-0.9472961586340998,-0.5665433576919373,0.16100224905670216,1.1799752331463567
1,0,-0.6538502945238731,-1.014674413971504,-0.5276868831526539,1.4215679224019147,-0.7232930797398875
0,1,0.09416945267438409,0.13075592676410228,0.49368330473707955,-0.9695050611655915,-1.2738252363598754
1,0,2.188624744829499,2.4889948635727195,0.3771138811192295,-0.6493613980937917,-1.619874020521011
1,0,-1.0527941596962826,-1.6210787120079904,2.380997782359413,-1.9599495187939728,0.9912213508766465
1,0,1.4406049976312414,1.613077544186654,2.72515512827878,-2.0900078819168915,1.3215406448486393
0,0,0.2437734021140412,0.4676472034510476,0.6380073530258462,-1.1395813821724852,0.8339264489852214
0,0,0.4432453347002318,0.535025458788452,-0.827436829598554,0.060957354346764664,0.362041743310946
0,0,0.7424532335795461,0.4676472034510476,1.3929331440747796,-1.3796891294763354,-1.5726855499535832
0,0,-1.102662142842816,-0.4082701159350179,-0.5221359582184706,0.8212985541422897,-1.5412265695752982
0,0,0.04430146952785062,0.9392949908127634,-0.8995988537429374,1.6716801591767583,-0.9120469620095977
1,0,-0.7535862608169684,-0.47564837127238396,-0.3778119099297039,0.4711414226575085,0.17328786104123584
1,0,0.9419251661657366,0.535025458788452,-0.07806196348380388,0.3210740805926023,-0.7232930797398875
1,0,-0.2549064293514636,0.535025458788452,-0.511034108350104,0.10097531223073951,-0.23567888387646954
1,0,1.5902089470708984,0.8045384801379929,-0.5554415078235706,0.3911055068895581,-1.226636765792448
0,1,-0.40451037879112073,-1.0820526693089085,1.7592941897308798,-1.7298462609611165,-0.3457853152004672
1,0,0.5429813009933554,0.535025458788452,-0.3833628348638872,0.9313479383232204,0.12609939047380828
1,0,-1.2522660922824733,-1.1494309246462746,0.02740561026567947,0.08096633328875173,-1.1165303344684503
1,0,0.09416945267438409,0.9392949908127634,-0.6331544569021372,0.4211189753025398,-0.37724429557875216
1,0,-1.2023981091359115,-0.8799179032967337,-0.4388720842057206,0.6712312120773835,0.6609020569046538
0,1,0.9419251661657366,0.4002689481136815,-1.5490570710423874,2.5920931905081837,-1.2423662559815905
0,1,-0.953058193403159,-1.216809179983679,0.6380073530258462,-0.46928058761590447,0.7395495078503663
0,1,0.7923212167261079,0.4676472034510476,1.398484069008963,-1.6197968767801851,-0.42443276614617975
0,1,-0.6538502945238731,-0.3408918605976135,-0.2889971109827706,-0.6393569086227977,1.1799752331463567
1,0,0.6925852504329842,0.4676472034510476,0.16062780868607948,-0.4792850770868976,-1.3367431971164456
0,0,-1.4018700417221304,-1.0820526693089085,3.568895718274647,-2.2700886923947787,0.17328786104123584
1,0,-0.3546423956445589,-0.6777831372845589,-0.6664600065072372,0.6612267226063896,0.7867379784177939
1,0,0.1440374358209459,0.9392949908127634,-0.3778119099297039,-0.29920426660901045,0.09464041009552325
1,0,-0.5541143282307779,-0.0040005839106682,0.8544934254589962,-1.1195724032304977,-0.8176700208747426
0,1,0.3933773515536983,0.13075592676410228,-1.3048163739383207,1.2514916013950206,0.7710084882286514
0,1,-0.15517046305836832,0.7371602248006268,0.4381740553952462,-0.9695050611655915,0.2676648021760909
1,0,0.49311331784679363,0.8045384801379929,-0.7053164810465207,0.2110246964116709,-0.6918340993616025
1,0,1.6899449133639939,1.815212310198829,-0.977311802821504,0.5511773384254582,-1.289554726549018
1,0,-0.2050384462049018,0.6024037141258181,-0.2889971109827706,0.25104265429564576,0.881114919552649
1,0,1.2910010481916128,0.26551243743887276,0.5491925540789129,-0.37924018237696017,-0.37724429557875216
1,0,0.5928492841398889,0.26551243743887276,-0.827436829598554,0.991374875149183,-0.5345391974701773
0,1,-0.1053024799118065,-0.47564837127238396,0.6879656774334962,-0.4792850770868976,1.5732124878749196
1,0,0.1939054189674794,-0.47564837127238396,1.2597109456543796,-1.1795993400564604,1.5574829976857771
1,0,1.0915291156053937,0.4002689481136815,-1.1382886259128207,1.3215230276919772,0.8024674686069364
0,1,-1.4517380248686638,-0.9472961586340998,0.9877156238793963,-0.869460166455654,-0.73902256992903
1,0,0.293641385260603,1.1414297568249383,-0.1779786122991039,0.5511773384254582,-0.5345391974701773
1,0,0.5928492841398889,0.26551243743887276,-0.1280202878914539,0.44112795424452683,-0.8648584914421701
1,0,-0.6039823113773113,-0.13875709458543867,-1.1382886259128207,0.9313479383232204,-1.0378828835227378
1,0,-0.6538502945238731,0.06337767142673618,0.4492759052636129,-0.5193030349708732,0.06318142971723822
1,0,1.241133065045051,0.33289069277627714,-0.10581658815472055,0.1209842911727273,0.7238200176612238
1,0,0.34350936840713653,1.1414297568249383,0.5325397792763629,-0.759410782274723,1.651859938820632
1,0,1.390737014484708,1.4783210335118835,-0.5887470574286706,1.001379364620177,1.6990484093880598
1,0,1.0416611324588603,0.8719167354753973,1.215303546180913,-1.5597699399542229,1.4473765663617795
0,1,-0.5042463450842161,-0.8799179032967337,-0.21683508683838723,0.02093939646278981,-1.226636765792448
1,0,-0.953058193403159,-1.5537004566706243,-1.3880802479510708,0.8313030436132829,-1.0378828835227378
0,0,0.5429813009933554,0.4002689481136815,1.348525744601313,-1.5097474925992542,-0.23567888387646954
1,0,0.1939054189674794,0.6697819694632224,1.4595442432849797,-1.3996981084183229,1.400188095794352
0,1,-0.055434496765273025,-0.4082701159350179,-0.2889971109827706,0.2210291858826648,1.4159175859834945
0,1,-0.3546423956445589,0.33289069277627714,-0.42777023433735395,0.05095286487577077,-1.3210137069273031
0,0,-1.5514739911617874,-1.1494309246462746,-0.3611591351271539,-0.07910549824714767,1.0855982920115017
0,1,0.1939054189674794,-0.5430266266097884,-0.061409188681253876,-0.2791952876670227,1.88780229165777
1,0,1.7398128965105557,2.084725331548408,1.9868821120323963,-1.6398058557221726,-0.5188097072810348
1,0,0.1939054189674794,0.26551243743887276,-1.3381219235434207,2.141891164313464,-1.3996611578730156
1,0,-1.8506818900410733,-1.8905917333575697,-1.376978398082704,1.8617654591256394,-1.2423662559815905
1,0,1.989152812243308,2.152103586885774,-0.3223026605878706,0.2610471437666396,1.651859938820632
1,0,0.293641385260603,-0.4082701159350179,-0.3778119099297039,0.41111448583154586,2.13947413468405
0,1,1.2910010481916128,0.33289069277627714,0.0163037603973128,-0.009074071950191864,1.1957047233354994
0,1,-0.9031902102566255,-1.48632220133322,0.33270648164576283,-0.8794646559266479,1.0226803312549315
1,0,-0.0055665136187112016,1.0066732461501677,-0.46662670887663726,0.17100673852769604,0.34631225312180347
0,0,-1.2522660922824733,-0.8125396479593293,-0.6053998322312206,0.9413524277942142,-1.6670624910884384
0,1,0.7424532335795461,0.06337767142673618,-0.39446468473225393,0.08096633328875173,-1.195177785414163
0,0,0.4432453347002318,0.4676472034510476,-0.7552748054541706,0.060957354346764664,1.5574829976857771
0,1,1.0915291156053937,0.6024037141258181,1.2874655703252964,-1.2396262768824227,-0.8491290012530276
1,0,1.241133065045051,0.19813418210150666,0.2938500071064795,-0.7394018033327352,1.0384098214440742
1,0,-0.953058193403159,-1.48632220133322,-0.6997655561123373,1.4115634329309208,0.07891091990638074
1,0,-0.953058193403159,-1.418943945995854,3.4523262946567965,-2.2500797134527915,-1.619874020521011
1,0,0.5928492841398889,0.26551243743887276,-0.3833628348638872,0.401109996360552,0.07891091990638074
1,0,0.6427172672864507,0.4002689481136815,-0.5498905828893873,1.381549964517939,-0.2828673544438971
1,0,-0.6538502945238731,-0.07137883924807259,-0.7497238805199873,0.7112491699613583,-0.6918340993616025
1,0,-1.4018700417221304,-1.0820526693089085,0.7656786265120629,-1.3596801505343479,0.5979840961480837
0,1,-0.6538502945238731,-0.13875709458543867,-0.5776452075603039,0.8813254909682516,-0.5817276680376049
0,1,-1.5016060080152256,-1.48632220133322,0.22168798296209616,-0.589334461267829,-0.21994939368732705
0,1,-0.953058193403159,-0.9472961586340998,-0.6331544569021372,0.1910157174696831,-1.5254970793861558
1,0,-0.40451037879112073,-1.014674413971504,-0.8773951540062039,2.0618552485455144,-0.770481550307315
1,0,0.49311331784679363,-0.2735136052602091,1.0265720984186797,-1.189603829527454,0.39350072368923106
0,1,0.9419251661657366,0.8719167354753973,-0.09471473828635388,-0.4392671192029228,-0.7075635895507449
1,0,-0.9031902102566255,-1.0820526693089085,-1.0217192022949706,0.9413524277942142,1.5889419780640621
0,0,0.1440374358209459,1.1414297568249383,-0.5942979823628539,0.771276106787321,-0.73902256992903
1,0,-0.1053024799118065,-0.2735136052602091,0.32715555671157953,-0.8994736348686354,0.4878776648240861
0,1,-0.9031902102566255,-0.6104048819471545,-0.4555248590082706,0.9013344699102395,-0.4873507269027498
1,0,0.5429813009933554,0.8719167354753973,0.46037775513197954,-0.4392671192029228,-1.163718805035878
0,0,0.4432453347002318,-0.3408918605976135,-0.3889137597980706,0.34108305953458934,0.28339429236523345
0,1,-1.0029261765497208,-1.6210787120079904,-0.4444230091399039,0.44112795424452683,0.8653854293635065
1,0,-0.5541143282307779,-0.8799179032967337,1.0543267230895963,-1.3396711715923602,-0.5502686876593198
1,0,-1.4018700417221304,-1.418943945995854,-1.1216358511102706,1.8117430117706708,1.1957047233354994
1,0,0.7923212167261079,0.4002689481136815,0.4104194307243295,0.25104265429564576,-0.1727609231198995
1,0,-0.40451037879112073,-1.0820526693089085,0.7101693771702295,-1.0995634242885104,1.431647076172637
1,0,-0.2050384462049018,-0.6104048819471545,0.1939333582911795,-0.07910549824714767,-0.3929737857678947
1,0,0.4432453347002318,0.33289069277627714,0.33270648164576283,0.05095286487577077,-0.8019405306856001
0,1,-1.2023981091359115,-1.1494309246462746,-0.005899939339420535,0.02093939646278981,-1.6985214714667234
1,0,-1.2522660922824733,-0.8799179032967337,-0.5332378080868373,0.6212087647224147,0.03172244933895319
1,0,0.6427172672864507,0.19813418210150666,-0.7719275802567206,0.4311234647735329,-0.9592354325770253
1,0,-2.249625755213483,-2.6991307974062306,0.038507460134046136,-0.4092536507899418,0.9597623704983616
0,0,-1.2023981091359115,-0.2735136052602091,-1.4491404222270874,1.0413973225041517,-1.6670624910884384
1,0,-0.30477441249802545,-0.8799179032967337,0.07736393467332947,0.27105163323763354,0.31485327274351843
0,1,-0.5541143282307779,-0.0040005839106682,-1.1993488001888373,1.2915095592789956,-0.031195511417616863
0,0,-0.953058193403159,-0.6104048819471545,-0.6331544569021372,0.45113244371552075,-0.9277764521987402
1,0,-1.2522660922824733,-1.2841874353210452,0.5103360795396296,-0.9394915927526102,0.5979840961480837
1,0,0.5429813009933554,-0.13875709458543867,-0.11136751308890389,-0.03908754036317282,0.9283033901200766
1,0,-1.0029261765497208,-0.8799179032967337,-0.42777023433735395,0.8212985541422897,1.5102945271183497
1,0,0.09416945267438409,-0.4082701159350179,0.10511855934424615,-0.169145903486092,-0.8963174718204552
0,1,1.989152812243308,2.152103586885774,-0.21683508683838723,0.060957354346764664,0.2519353119869484
1,0,-0.30477441249802545,0.33289069277627714,-0.927353478413854,0.6312132541934079,1.0226803312549315
1,0,1.5902089470708984,0.9392949908127634,-1.043922902031704,1.381549964517939,-1.5726855499535832
1,0,1.1912650818984891,0.13075592676410228,3.8020345655103465,-2.4001470555176976,0.7238200176612238
1,0,-0.3546423956445589,-0.5430266266097884,-0.41111745953480394,0.15099775958570827,0.29912378255437594
1,0,-0.055434496765273025,0.13075592676410228,-0.33340451045623726,0.6312132541934079,1.0226803312549315
0,1,1.3408690313381462,1.613077544186654,-0.6498072317046872,0.45113244371552075,-0.9277764521987402
0,1,1.7896808796571175,1.6804557995240583,0.3771138811192295,-0.6293524191518038,-1.4783086088187283
0,0,1.1413970987519555,1.1414297568249383,-0.31675173565368725,-0.09911447718913546,0.29912378255437594
1,0,0.6925852504329842,0.26551243743887276,-0.5720942826261206,0.9713658962071959,0.0002634689606681657
0,1,0.34350936840713653,-0.3408918605976135,1.6593775409155798,-1.5097474925992542,-0.6603751189833175
1,0,-1.2023981091359115,-0.9472961586340998,1.1375905971023463,-1.149585871643479,-1.0378828835227378
0,1,-0.6538502945238731,-0.5430266266097884,-0.6442563067705039,0.8913299804392455,1.2428931939029269
0,1,1.2910010481916128,0.7371602248006268,-0.10581658815472055,0.3010651016506145,-0.31432633482218214
1,0,-0.5541143282307779,-1.014674413971504,-0.40001560966643723,0.4711414226575085,0.4406891942566586
1,0,-1.2522660922824733,-0.9472961586340998,-1.5490570710423874,1.361540985575952,0.4564186844458011
1,0,-0.15517046305836832,-0.4082701159350179,0.6158036532891129,-1.0195275085205602,-0.23567888387646954
0,0,-0.7535862608169684,-0.47564837127238396,-0.6553581566388706,1.0313928330331579,0.2519353119869484
0,0,-1.2023981091359115,-1.1494309246462746,0.5602944039472796,-0.9094781243396293,-0.45589174652446474
0,1,-0.5541143282307779,-0.5430266266097884,-0.7053164810465207,0.41111448583154586,0.5036071550132286
1,0,-1.0029261765497208,-1.6210787120079904,0.7989841761171629,-0.7193928243907481,0.22047633160866337
0,1,1.1912650818984891,0.26551243743887276,-0.4222193094031706,0.2210291858826648,0.4878776648240861
0,1,-0.4543783619376542,-0.0040005839106682,0.22723890789627949,-0.39924916131894794,1.368729115416067
1,0,-1.3021340754290351,-0.8125396479593293,0.6213545782232962,-0.589334461267829,0.8653854293635065
1,0,-1.3021340754290351,-0.8799179032967337,0.24944260763301282,-0.17915039295708515,0.7238200176612238
0,1,-0.7535862608169684,-0.6777831372845589,2.1201043104527963,-1.7998776872580728,1.3844586056052095
1,0,0.6427172672864507,0.4002689481136815,-0.05585826374707054,0.1810112279986892,1.0698688018223592
1,0,-1.6512099574548829,-1.48632220133322,-0.39446468473225393,-0.07910549824714767,-1.1479893148467355
1,0,-0.40451037879112073,-1.0820526693089085,-0.760825730388354,0.771276106787321,-1.3210137069273031
1,0,-1.4517380248686638,-1.0820526693089085,-0.05585826374707054,0.04094837540477688,0.8968444097417915
1,0,0.3933773515536983,1.613077544186654,1.5872155167711963,-1.6197968767801851,0.29912378255437594
0,1,2.088888778536403,2.152103586885774,-0.8829460789403873,0.8713210014972584,-1.4311201382513006
1,0,-0.2050384462049018,-0.6777831372845589,-0.8940479288087539,1.191464664569058,0.849655939174364
1,0,-0.7535862608169684,-0.2735136052602091,-0.42777023433735395,0.5111593805414834,0.11036990028466577
0,1,1.4406049976312414,1.6804557995240583,0.0662620848049628,0.0009304175208020274,-1.383931667683873
1,0,0.293641385260603,0.4002689481136815,-0.4721776338108206,-0.029083050892178934,-0.644645628794175
1,0,-0.5541143282307779,-0.0040005839106682,-0.48327948367918727,0.8913299804392455,1.2114342135246419
0,0,0.9419251661657366,0.6697819694632224,-1.376978398082704,2.361989932675327,0.4564186844458011
1,0,-0.9031902102566255,-1.0820526693089085,-0.23348786164093724,-0.2291728403120539,1.5574829976857771
1,0,0.7424532335795461,0.4002689481136815,-1.010617352426604,0.2110246964116709,1.6361304486314896
1,0,0.49311331784679363,1.0740515014875722,-0.43332115927153725,0.060957354346764664,0.7238200176612238
0,1,0.8920571830192031,0.7371602248006268,-0.7996822049276373,0.4611369331865146,0.9912213508766465
0,1,1.1912650818984891,1.2088080121623426,-0.4777285587450039,0.2110246964116709,-0.04692500160675938
1,0,-0.953058193403159,-1.216809179983679,-0.827436829598554,0.7512671278453332,-1.1794482952250205
1,0,-0.6039823113773113,-0.9472961586340998,0.7823314013146129,-1.0595454664045354,-0.20421990349818453
0,1,-1.3021340754290351,-1.216809179983679,-0.6387053818363206,1.3915544539889328,0.18901735123037833
0,1,1.2910010481916128,1.4783210335118835,-1.0328210521633374,1.6516711802347706,0.9440328803092191
0,1,0.34350936840713653,0.535025458788452,-0.48327948367918727,0.791285085729308,-0.4873507269027498
1,0,-0.6538502945238731,0.13075592676410228,-0.760825730388354,0.591195296309433,-1.226636765792448
1,0,-0.8034542439635303,-0.47564837127238396,-0.15022398762818723,-0.4192581402609357,-1.415390648062158
1,0,1.839548862803651,1.9499688208735992,-0.43332115927153725,1.0113838540911708,-1.2109072756033055
0,1,1.7398128965105557,1.613077544186654,0.3715629561850462,-0.9895140401075789,-0.15703143293075697
1,0,1.1413970987519555,0.4676472034510476,0.40486850579014616,-0.6593658875647855,0.4878776648240861
1,0,0.293641385260603,1.2761862674997086,-0.4222193094031706,-0.17915039295708515,-1.0536123737118803
0,0,-0.7037182776704066,-0.3408918605976135,-0.910700703611304,0.10097531223073951,-1.0850713540901653
1,0,-0.40451037879112073,-1.216809179983679,-0.4055665346006206,0.13098878064372046,-1.5726855499535832
1,0,-1.3021340754290351,-0.6777831372845589,-1.193797875254654,1.6916891381187453,1.0226803312549315
0,0,-1.4018700417221304,-1.014674413971504,-0.08361288841798721,0.14099327011471438,1.3215406448486393
1,0,1.1413970987519555,0.6024037141258181,-0.7053164810465207,0.8913299804392455,-1.258095746170733
0,1,-1.3520020585755685,-0.8799179032967337,-0.4888304086133706,0.38110101741856417,-1.3210137069273031
1,0,1.3408690313381462,1.4783210335118835,0.18283150842281282,-0.559320992854848,1.88780229165777
1,0,-0.40451037879112073,-0.6777831372845589,-0.727520180783254,0.7212536594323522,-1.6985214714667234
1,0,-0.4543783619376542,0.19813418210150666,0.44372498032942953,-0.8894691453976414,2.108015154305765
1,0,0.1440374358209459,-0.5430266266097884,-0.7830294301250873,1.4415769013439017,1.4159175859834945
0,0,-1.3021340754290351,-0.8799179032967337,-0.09471473828635388,0.6312132541934079,0.5979840961480837
0,1,-0.7037182776704066,-0.20613534992284305,0.7545767766436963,-1.159590361114473,0.11036990028466577
1,0,0.7923212167261079,0.4002689481136815,0.4548268301977962,-0.6293524191518038,0.4564186844458011
1,0,0.34350936840713653,-0.3408918605976135,-0.17242768736492056,-0.009074071950191864,-0.770481550307315
1,0,0.293641385260603,0.33289069277627714,0.17172965855444616,-0.169145903486092,-1.4783086088187283
1,0,1.0915291156053937,0.06337767142673618,-0.44997393407408726,0.5111593805414834,-1.4625791186295858
1,0,1.7398128965105557,1.0740515014875722,-0.6165016820995873,0.6212087647224147,0.4878776648240861
1,0,0.293641385260603,-0.13875709458543867,0.49923422967126285,-0.2391773297830478,0.849655939174364
0,1,-1.3021340754290351,-0.47564837127238396,-0.22238601177257056,-0.3192132455509982,-0.31432633482218214
0,1,-0.3546423956445589,-0.7451613926219632,1.7703960395992464,-1.5297564715412415,-0.10984296236332944
1,0,0.5429813009933554,0.4676472034510476,-1.1382886259128207,0.8212985541422897,-0.031195511417616863
1,0,-0.4543783619376542,-1.014674413971504,0.5991508784865629,-0.49929405602888544,-0.5345391974701773
1,0,1.9392848290967462,2.084725331548408,0.5547434790130962,-1.0995634242885104,-0.20421990349818453
1,0,0.2437734021140412,1.0740515014875722,-0.9662099529531373,1.3015140487499894,-0.3615148053896097
1,0,-0.3546423956445589,-0.6777831372845589,-0.4999322584817373,0.6512222331353957,0.20474684141952085
1,0,-0.5541143282307779,-0.0040005839106682,3.84089104004963,-2.2600842029237853,0.6766315470937962
0,1,1.0416611324588603,1.0066732461501677,-1.0994321513735374,1.0814152803881265,-0.14130194274161448
1,0,-1.5514739911617874,-1.6210787120079904,-0.48327948367918727,0.571186317367446,0.22047633160866337
1,0,-0.953058193403159,-1.5537004566706243,-0.8385386794669206,0.03094388593378299,0.01599295914981068
0,1,-1.102662142842816,-0.13875709458543867,1.4373405435482463,-1.4497205557732915,1.494565036929207
0,1,0.1440374358209459,1.0066732461501677,0.005201910528946133,0.15099775958570827,0.6766315470937962
1,0,-0.5541143282307779,-1.0820526693089085,-1.3214691487408707,1.1114287488011083,0.47214817463494363
1,0,-0.5042463450842161,0.26551243743887276,-0.3112008107195039,0.15099775958570827,-0.188490413309042
0,0,-0.4543783619376542,-1.216809179983679,-0.4943813335475539,0.6112042752514208,0.06318142971723822
0,1,-0.9031902102566255,-0.8799179032967337,-1.4990987466347374,2.0918687169584955,0.8653854293635065
1,0,-1.1525301259893779,-0.8799179032967337,0.8600443503931796,-1.0895589348175165,-0.09411347217418692
0,1,2.138756761682965,2.4216166082353534,0.25499353256719615,-0.7894242506877039,1.4788355467400645
1,0,1.7398128965105557,1.4109427781745174,-1.1826960253862873,1.5716352644668208,0.09464041009552325
0,0,-0.055434496765273025,0.06337767142673618,-0.511034108350104,1.1414422172140892,1.2114342135246419
1,0,-1.0527941596962826,-1.6210787120079904,-0.20018231203583722,0.07096184381775855,0.2519353119869484
1,0,-0.055434496765273025,-0.3408918605976135,1.2930164952594796,-1.6498103451931665,0.9283033901200766
1,0,-0.6538502945238731,0.13075592676410228,-0.07806196348380388,0.37109652794757103,-1.163718805035878
1,0,-0.1053024799118065,0.8045384801379929,0.13842410894934615,0.0009304175208020274,1.006950841065789
1,0,-1.102662142842816,-1.1494309246462746,-0.22793693670675388,0.7312581489033454,0.8181969587960789
0,1,1.1413970987519555,0.6024037141258181,0.4881323798028962,-0.7694152717457169,-1.6985214714667234
1,0,-0.2549064293514636,0.4676472034510476,-0.5609924327577539,0.571186317367446,-0.031195511417616863
1,0,-0.8034542439635303,-0.3408918605976135,-0.9051497786771207,1.0413973225041517,1.4788355467400645
1,0,0.293641385260603,0.13075592676410228,-0.8940479288087539,0.7312581489033454,-0.5817276680376049
1,0,-1.2522660922824733,-0.9472961586340998,-0.13912213775982055,-0.3092087560800043,0.40923021387837355
0,1,-1.601341974308321,-1.48632220133322,0.0662620848049628,-0.10911896666012935,0.06318142971723822
1,0,-0.3546423956445589,-0.9472961586340998,-0.3611591351271539,0.9613614067362021,1.3058111546594968
1,0,-1.3021340754290351,-1.0820526693089085,-0.8052331298618206,1.0113838540911708,1.651859938820632
1,0,0.04430146952785062,-0.3408918605976135,-1.0328210521633374,1.0914197698591206,-1.163718805035878
1,0,1.1912650818984891,0.26551243743887276,1.8092525141385296,-1.6097923873091917,0.330582762932661
1,0,-0.30477441249802545,0.33289069277627714,1.165345221773263,-1.189603829527454,1.1170572723897867
0,1,1.989152812243308,2.2194818422231783,1.6926830905206798,-1.2896487242373915,-0.31432633482218214
1,0,0.4432453347002318,0.33289069277627714,1.9702293372298465,-1.8098821767290667,1.2586226840920693
1,0,1.1912650818984891,0.4002689481136815,-0.5221359582184706,0.03094388593378299,0.849655939174364
1,0,-1.0527941596962826,-1.48632220133322,-0.9218025534796707,1.0213883435621647,0.34631225312180347
1,0,-1.2522660922824733,-1.014674413971504,-0.910700703611304,1.561630774995827,0.31485327274351843
0,1,-0.2050384462049018,0.06337767142673618,0.5935999535523795,-1.0395364874625477,-0.5502686876593198
1,0,-1.3021340754290351,-1.216809179983679,-0.3778119099297039,0.6512222331353957,-1.3052842167381606
1,0,-0.1053024799118065,-0.5430266266097884,-0.2667934112460372,0.7512671278453332,1.6990484093880598
1,0,-0.953058193403159,-1.2841874353210452,1.398484069008963,-1.269639745295404,-0.7075635895507449
1,0,0.293641385260603,-0.3408918605976135,1.8203543640068964,-1.6998327925481354,2.108015154305765
0,1,-1.0029261765497208,-1.014674413971504,0.25499353256719615,-0.6993838454487604,-1.3210137069273031
1,0,1.7896808796571175,1.7478340548614628,0.8877989750640962,-1.2096128084694417,0.8181969587960789
0,1,1.0915291156053937,0.8719167354753973,-0.16132583749655388,-0.28919977713801653,-1.5412265695752982
1,0,-1.3021340754290351,-1.0820526693089085,-0.07806196348380388,-0.12912794560211643,-0.7232930797398875
1,0,0.7923212167261079,0.26551243743887276,0.33270648164576283,0.17100673852769604,0.12609939047380828
1,0,-0.1053024799118065,-0.13875709458543867,0.0163037603973128,-0.059096519305160605,0.7395495078503663
1,0,-1.4018700417221304,-1.1494309246462746,-0.8884970038745706,1.2114736435110458,-1.3682021774947306
0,1,1.4406049976312414,0.7371602248006268,2.147858935123713,-1.8198866662000601,-0.7862110404964575
1,0,-0.8034542439635303,-1.3515656906584494,-0.13357121282563722,0.28105612270862673,0.2676648021760909
0,0,-0.055434496765273025,0.9392949908127634,-0.23348786164093724,-0.29920426660901045,0.849655939174364
1,0,-0.8034542439635303,-1.3515656906584494,0.36601203125086285,-0.759410782274723,0.7238200176612238
1,0,-2.1498897889203876,-2.5643742867314603,4.05737711248278,-2.54020990811161,0.6451725667155113
1,0,0.04430146952785062,0.7371602248006268,0.44372498032942953,-0.6593658875647855,1.2271637037137844
1,0,1.6899449133639939,1.0740515014875722,-0.4999322584817373,0.17100673852769604,0.3777712335000885
1,0,-1.6512099574548829,-1.5537004566706243,-0.08361288841798721,-0.3192132455509982,-0.4087032759570372
1,0,0.34350936840713653,0.6697819694632224,-1.227103424859754,0.8212985541422897,0.31485327274351843
1,0,1.241133065045051,0.9392949908127634,0.7490258517095129,-1.2996532137083854,1.8091548407120572
0,1,-1.5016060080152256,-1.418943945995854,-0.7053164810465207,0.7412626383743393,0.06318142971723822
0,0,-0.7535862608169684,-1.418943945995854,-1.5490570710423874,1.4215679224019147,0.5193366452023711
0,1,0.1440374358209459,0.9392949908127634,0.08291485960751281,-0.5693254823258419,-0.14130194274161448
0,1,0.9419251661657366,0.4002689481136815,-0.7053164810465207,0.6512222331353957,-0.2985968446330396
1,0,-1.3520020585755685,-1.216809179983679,0.3438083315141295,-0.42926262973192886,-1.5569560597644407
1,0,1.390737014484708,1.4109427781745174,2.32548853301758,-1.9699540082649665,-0.8176700208747426
0,1,-1.2522660922824733,-0.8799179032967337,-1.0383719770975206,1.3015140487499894,0.9912213508766465
0,0,0.09416945267438409,1.0740515014875722,0.04405838506822947,-0.2291728403120539,1.7147778995772023
1,0,1.0416611324588603,0.33289069277627714,0.11066948427842949,-0.39924916131894794,0.2519353119869484
1,0,1.390737014484708,1.613077544186654,0.6213545782232962,-1.2996532137083854,1.4473765663617795
0,1,0.8920571830192031,-0.13875709458543867,0.038507460134046136,-0.019078561421185754,0.20474684141952085
1,0,-0.7535862608169684,-0.07137883924807259,-0.31675173565368725,0.2110246964116709,-1.4625791186295858
0,1,-1.102662142842816,-1.7558352226827991,2.014636736703313,-1.5697744294252165,0.330582762932661
1,0,1.241133065045051,1.2761862674997086,-1.5213024463714708,1.981819332777564,0.17328786104123584
0,1,-0.8533222271100637,-0.4082701159350179,-0.16687676243073724,-0.5793299717968351,0.5193366452023711
1,0,1.7398128965105557,2.0173470762110037,-1.2048997251230207,1.951805864364583,-0.5817276680376049
1,0,1.7398128965105557,1.0066732461501677,-0.022552714141970538,-0.6693703770357794,0.18901735123037833
1,0,-0.055434496765273025,-0.3408918605976135,1.331872969798763,-1.389693618947329,0.9597623704983616
1,0,1.1912650818984891,0.06337767142673618,-0.7663766553225373,0.8813254909682516,1.0855982920115017
1,0,0.09416945267438409,-0.13875709458543867,-0.07251103854962054,0.5611818278964521,1.0541393116332167
1,0,0.293641385260603,0.13075592676410228,-1.0994321513735374,1.2614960908660144,-1.3682021774947306
1,0,0.293641385260603,-0.13875709458543867,-0.20573323697002055,0.24103816482465185,0.39350072368923106
1,0,0.7923212167261079,0.6024037141258181,-0.03920548894452054,0.3610920384765771,-1.4625791186295858
0,0,0.2437734021140412,0.6024037141258181,-0.511034108350104,0.6512222331353957,0.4564186844458011
1,0,-0.3546423956445589,-0.6777831372845589,-0.3667100600613373,0.6312132541934079,0.5979840961480837
0,1,-1.3021340754290351,-1.1494309246462746,-0.744172955585804,1.1714556856270708,0.0002634689606681657
1,0,0.7923212167261079,0.4676472034510476,0.5491925540789129,-0.6193479296808106,1.3844586056052095
1,0,1.7398128965105557,1.3435645228371131,1.2042016963125464,-1.0295319979915543,-1.258095746170733
0,1,-0.15517046305836832,-0.2735136052602091,-0.3445063603246039,0.27105163323763354,0.8653854293635065
1,0,0.1939054189674794,1.1414297568249383,-0.14467306269400387,0.0009304175208020274,-0.8963174718204552
1,0,-0.5042463450842161,-0.07137883924807259,0.0496093100024128,-0.5493165033838542,1.6675894290097748
1,0,0.6427172672864507,0.33289069277627714,-0.20018231203583722,0.8613165120262646,-0.5659981778484624
1,0,1.4406049976312414,1.4783210335118835,-0.14467306269400387,-0.21916835084106073,-0.25140837406561206
1,0,0.1440374358209459,1.2088080121623426,-0.4888304086133706,0.10097531223073951,-0.8333995110638851
1,0,0.7424532335795461,0.4676472034510476,0.3160537068432128,-0.45927609814491055,0.6609020569046538
1,0,1.1413970987519555,0.6024037141258181,-0.7552748054541706,0.7212536594323522,1.0226803312549315
1,0,-0.30477441249802545,0.4676472034510476,0.0662620848049628,0.1209842911727273,-1.651333000899296
0,1,1.0416611324588603,0.4676472034510476,0.38266480605341285,-0.9695050611655915,-0.42443276614617975
0,1,0.4432453347002318,1.7478340548614628,0.08846578454169614,0.060957354346764664,0.01599295914981068
0,0,1.989152812243308,2.084725331548408,-0.37226098499552057,0.5511773384254582,0.912573899930934
1,0,1.1413970987519555,0.8719167354753973,-1.193797875254654,0.7812805962583141,0.362041743310946
1,0,1.1413970987519555,1.0066732461501677,1.415136843811513,-1.389693618947329,-1.5884150401427257
0,1,-1.1525301259893779,-0.5430266266097884,1.0709794978921463,-1.1195724032304977,0.6923610372829389
1,0,-0.0055665136187112016,0.9392949908127634,-0.2889971109827706,0.1209842911727273,-1.3524726873055881
0,1,0.6925852504329842,0.6024037141258181,-0.2778952611144039,-0.10911896666012935,1.1170572723897867
1,0,0.8421891998726413,0.13075592676410228,-0.5776452075603039,0.8112940646712958,-1.5097675891970133
1,0,1.0416611324588603,0.6697819694632224,-0.9717608778873207,1.001379364620177,1.5260240173074922
1,0,-0.15517046305836832,-0.5430266266097884,-0.7663766553225373,1.4115634329309208,0.15755837085209332
1,0,-1.8506818900410733,-1.8232134780201652,-0.7830294301250873,1.2715005803370083,-1.2109072756033055
1,0,1.2910010481916128,1.2088080121623426,0.5491925540789129,-0.4892895665578915,-1.4311201382513006
1,0,-0.2050384462049018,0.535025458788452,-0.22793693670675388,0.6912401910193705,0.12609939047380828
0,0,0.34350936840713653,-0.3408918605976135,0.7101693771702295,-0.9494960822236042,-1.2423662559815905
1,0,-1.0029261765497208,-1.3515656906584494,-0.7663766553225373,1.4715903697568833,-0.67610460917246
1,0,0.293641385260603,0.19813418210150666,-0.3056498857853206,0.10097531223073951,1.651859938820632
0,1,0.8421891998726413,0.6697819694632224,-1.2659598993990373,1.581639753937814,-1.0850713540901653
1,0,-0.15517046305836832,-0.47564837127238396,-0.5221359582184706,0.2610471437666396,-1.6985214714667234
1,0,-0.5541143282307779,0.13075592676410228,-0.2667934112460372,0.5111593805414834,-0.10984296236332944
0,0,0.6925852504329842,0.4676472034510476,-1.1660432505837373,1.201469154040052,0.8181969587960789
0,0,0.8421891998726413,0.6697819694632224,2.647442179200213,-2.0699989029749037,1.1327867625789292
1,0,0.09416945267438409,1.1414297568249383,-0.5054831834159206,1.4215679224019147,1.0226803312549315
0,1,0.49311331784679363,0.4002689481136815,0.8822480501299129,-1.269639745295404,-1.4783086088187283
0,1,1.0416611324588603,0.4002689481136815,-1.1826960253862873,1.9117879064806083,-0.31432633482218214
0,1,-1.4517380248686638,-1.216809179983679,-0.05585826374707054,-0.20916386137006684,1.1799752331463567
1,0,0.1440374358209459,1.2088080121623426,-0.17242768736492056,0.31106959112160837,-0.8019405306856001
1,0,1.1413970987519555,0.6024037141258181,-0.4444230091399039,-0.49929405602888544,-1.195177785414163
0,1,-1.8506818900410733,-1.8905917333575697,-0.4721776338108206,0.25104265429564576,-1.1479893148467355
1,0,0.6427172672864507,0.4002689481136815,-0.6276035319679539,0.07096184381775855,-0.8491290012530276
1,0,0.2437734021140412,-0.2735136052602091,-0.960659028018954,1.0213883435621647,1.7462368799554873
1,0,0.8421891998726413,-0.07137883924807259,-1.2326543497939373,0.9013344699102395,1.2428931939029269
0,1,0.6427172672864507,-0.0040005839106682,0.2994009320406628,-0.9194826138106228,1.6046714682532046
1,0,1.6400769302174603,1.7478340548614628,0.46592868006616284,-0.5393120139128602,-0.09411347217418692
0,1,-1.102662142842816,-0.6104048819471545,-0.6387053818363206,0.5511773384254582,-1.6670624910884384
0,1,0.4432453347002318,1.4109427781745174,0.4326231304610629,-0.8994736348686354,0.6294430765263688
0,1,0.34350936840713653,0.06337767142673618,-0.3112008107195039,0.02093939646278981,0.849655939174364
1,0,-0.5541143282307779,-0.07137883924807259,-1.2770617492674041,1.6216577118217896,0.17328786104123584
1,0,0.7424532335795461,0.7371602248006268,2.9804976752512133,-2.1300258398008665,-0.07838398198504441
0,1,0.09416945267438409,1.0740515014875722,-0.03365456401033721,0.6412177436644018,-1.3210137069273031
0,0,0.3933773515536983,0.8045384801379929,3.87419658965473,-2.3001021608077603,-0.20421990349818453
1,0,2.03902079538987,2.2194818422231783,-0.6886637062439707,1.001379364620177,1.1957047233354994
1,0,0.2437734021140412,1.0740515014875722,0.19948428322536282,-0.7494062928037292,0.9440328803092191
1,0,-0.953058193403159,-1.2841874353210452,-0.3056498857853206,0.04094837540477688,-0.770481550307315
1,0,0.6427172672864507,0.26551243743887276,-0.694214631178154,1.1414422172140892,1.431647076172637
0,0,0.04430146952785062,-0.47564837127238396,-0.5054831834159206,0.5811908068384392,0.8653854293635065
0,1,0.1440374358209459,-0.2735136052602091,-0.16687676243073724,0.6612267226063896,-0.20421990349818453
0,1,1.9392848290967462,2.0173470762110037,0.4492759052636129,-0.3392222244929853,-0.44016225633532224
0,0,0.04430146952785062,-0.4082701159350179,-1.1660432505837373,1.5216128171118521,0.5507956255806562
1,0,1.989152812243308,2.2194818422231783,-0.11136751308890389,-0.3292177350219914,0.1418288806629508
0,0,0.1440374358209459,-0.07137883924807259,-0.8052331298618206,0.6712312120773835,1.6046714682532046
0,1,0.3933773515536983,-0.07137883924807259,-0.5276868831526539,0.601199785780427,1.1327867625789292
0,1,-1.4018700417221304,-1.1494309246462746,-0.5998489072970373,0.37109652794757103,-0.9749649227661678
1,0,-0.6039823113773113,-0.6104048819471545,-0.9828627277556873,0.5411728489544643,0.07891091990638074
0,1,-1.3520020585755685,-0.8799179032967337,-0.511034108350104,0.45113244371552075,-0.04692500160675938
0,1,0.34350936840713653,-0.0040005839106682,0.5658453288814629,-0.5393120139128602,1.1013277822006442
0,0,-1.0029261765497208,-1.5537004566706243,0.04405838506822947,-0.3192132455509982,1.2271637037137844
1,0,0.9419251661657366,0.6697819694632224,-0.9051497786771207,0.4911504015994956,1.2271637037137844
0,1,-0.7535862608169684,-0.8799179032967337,-1.0661266017684374,0.8513120225552707,-1.1794482952250205
0,1,-0.40451037879112073,-0.6777831372845589,0.010752835463129468,-0.369235692905967,-0.06265449179590189
0,1,-1.0029261765497208,-0.9472961586340998,-1.5823626206474875,1.581639753937814,-0.67610460917246
0,1,-0.953058193403159,-0.8799179032967337,-0.9828627277556873,0.9613614067362021,0.7867379784177939
1,0,-0.3546423956445589,-0.8799179032967337,-0.810784054796004,1.4215679224019147,-0.44016225633532224
1,0,-0.7535862608169684,-0.6104048819471545,-0.3611591351271539,0.13098878064372046,1.2743521742812118
0,1,-1.5016060080152256,-1.5537004566706243,-0.22793693670675388,0.7112491699613583,1.431647076172637
0,1,-1.4018700417221304,-1.216809179983679,-0.744172955585804,0.25104265429564576,1.5102945271183497
0,1,-0.40451037879112073,0.26551243743887276,-0.7996822049276373,1.5416217960538392,-0.5030802170918923
0,1,-0.6538502945238731,0.19813418210150666,-0.2445897115093039,-0.12912794560211643,-0.31432633482218214
1,0,1.8894168459502128,1.9499688208735992,-0.13912213775982055,-0.5693254823258419,1.1327867625789292
1,0,-0.1053024799118065,0.19813418210150666,0.8211878758538962,-0.959500571694598,-1.1794482952250205
0,0,-1.9504178563341688,-2.1601047547071106,0.5880490286181962,-0.8994736348686354,-1.0536123737118803
1,0,0.34350936840713653,0.33289069277627714,0.12177133414679615,-0.6793748665067726,-0.9435059423878827
1,0,-0.6538502945238731,-0.6777831372845589,0.14397503388352947,-0.4892895665578915,0.6923610372829389
1,0,0.6427172672864507,0.7371602248006268,0.4714796050003462,0.09097082275974562,-1.6985214714667234
1,0,-0.953058193403159,-1.418943945995854,0.699067527301863,-0.7994287401586979,-1.5884150401427257
0,0,-1.3520020585755685,-0.8125396479593293,-0.6664600065072372,0.24103816482465185,0.4878776648240861
1,0,-0.2549064293514636,-0.4082701159350179,0.34935925644831284,-0.8494511875136667,1.3372701350377818
1,0,0.1440374358209459,0.9392949908127634,-1.0716775267026206,1.1114287488011083,0.6137135863372263
0,1,-0.6039823113773113,-0.6104048819471545,-0.37226098499552057,0.7512671278453332,0.2676648021760909
0,1,-1.2522660922824733,-1.2841874353210452,-0.3278535855220539,0.24103816482465185,0.06318142971723822
1,0,-1.3021340754290351,-1.0820526693089085,3.3968170453149633,-2.230070734510804,-1.6985214714667234
0,1,-0.953058193403159,-1.216809179983679,-0.660909081573054,2.392003401088308,-1.3996611578730156
0,1,-1.0527941596962826,-1.7558352226827991,0.3937666559217795,-0.5393120139128602,1.7462368799554873
0,1,0.09416945267438409,0.06337767142673618,-0.3611591351271539,0.401109996360552,1.4159175859834945
0,1,0.3933773515536983,-0.20613534992284305,0.7823314013146129,-1.1795993400564604,1.2743521742812118
1,0,-0.7037182776704066,-0.4082701159350179,-0.3778119099297039,0.801289575200302,0.5193366452023711
1,0,0.8421891998726413,0.8045384801379929,-0.31675173565368725,0.3610920384765771,0.7238200176612238
0,1,0.04430146952785062,-0.4082701159350179,-1.0550247519000706,1.6216577118217896,0.29912378255437594
1,0,0.8421891998726413,0.8045384801379929,-0.12246936295727055,0.24103816482465185,0.07891091990638074
0,1,-1.0029261765497208,-1.6210787120079904,-0.17242768736492056,0.1810112279986892,-0.2985968446330396
0,1,-0.3546423956445589,-0.6104048819471545,-0.9051497786771207,0.6712312120773835,-0.9277764521987402
1,0,-0.3546423956445589,-0.8125396479593293,0.06071115987077948,0.5811908068384392,0.975491860687504
1,0,0.1440374358209459,0.13075592676410228,-0.944006253216404,0.8813254909682516,-1.1322598246575928
0,1,0.8920571830192031,0.13075592676410228,0.3882157309875962,-0.5793299717968351,1.7147778995772023
0,1,-0.4543783619376542,0.19813418210150666,-1.6989320442653375,1.9017834170096144,-0.42443276614617975
0,1,-0.8533222271100637,-1.48632220133322,-0.30009896085113724,0.20102020694067702,-1.4940380990078708
1,0,0.2437734021140412,1.2761862674997086,-0.8662933041378373,1.0514018119751456,-1.1479893148467355
1,0,-0.30477441249802545,-0.5430266266097884,-0.2778952611144039,0.23103367535365796,0.09464041009552325
1,0,0.9917931493122984,0.4676472034510476,-1.060575676834254,1.8117430117706708,-0.3929737857678947
1,0,1.1413970987519555,1.1414297568249383,-1.4324876474245374,0.8813254909682516,-1.6985214714667234
0,1,0.6925852504329842,0.4676472034510476,0.8489425005248129,-0.7694152717457169,-1.619874020521011
0,1,-0.9031902102566255,-0.7451613926219632,-0.15022398762818723,-0.1491369245441042,-1.258095746170733
1,0,0.09416945267438409,-0.13875709458543867,0.6158036532891129,-1.0395364874625477,-1.4940380990078708
0,0,-0.15517046305836832,-0.2735136052602091,-0.5887470574286706,0.9613614067362021,0.330582762932661
1,0,0.3933773515536983,1.3435645228371131,-0.3445063603246039,-0.2691907981960295,0.881114919552649
1,0,-1.601341974308321,-1.418943945995854,-0.5054831834159206,0.8813254909682516,-1.2109072756033055
1,0,0.6427172672864507,0.6024037141258181,0.3160537068432128,-0.6093434402098168,0.7710084882286514
0,1,1.1413970987519555,1.2088080121623426,-0.5332378080868373,0.34108305953458934,1.0541393116332167
1,0,0.1440374358209459,-0.2735136052602091,-0.39446468473225393,0.4711414226575085,1.1170572723897867
1,0,-0.15517046305836832,0.4002689481136815,1.098734122563063,-1.389693618947329,0.5665251157697987
1,0,-0.0055665136187112016,-0.6777831372845589,0.9433082244059295,-0.7894242506877039,-0.45589174652446474
1,0,1.1912650818984891,1.2088080121623426,-0.6831127813097873,0.6112042752514208,1.4788355467400645
1,0,-1.4517380248686638,-1.0820526693089085,0.8544934254589962,-1.0495409769335415,-0.12557245255247196
1,0,-1.4517380248686638,-1.418943945995854,-0.1779786122991039,-0.169145903486092,0.975491860687504
0,1,-0.4543783619376542,-0.3408918605976135,-1.110534001241904,0.8212985541422897,-0.3457853152004672
0,1,-0.40451037879112073,-1.0820526693089085,-0.35005728525878727,-0.7293973138617413,-0.10984296236332944
0,1,-0.7037182776704066,-0.3408918605976135,0.16062780868607948,-0.3292177350219914,1.1642457429572142
1,0,1.1912650818984891,0.06337767142673618,-0.6720109314414207,1.2314826224530329,0.5193366452023711
1,0,-1.3021340754290351,-1.2841874353210452,1.165345221773263,-1.4097025978893167,-1.5726855499535832
0,0,0.7923212167261079,0.26551243743887276,-0.944006253216404,0.5411728489544643,0.7552789980395088
0,0,1.4406049976312414,0.6697819694632224,-0.48327948367918727,1.8317519907126578,0.2362058217978059
1,0,0.6427172672864507,0.6024037141258181,0.14952595881771283,-0.6893793559777665,-0.4087032759570372
1,0,1.241133065045051,1.2761862674997086,-0.23348786164093724,0.16100224905670216,0.2362058217978059
0,1,1.1413970987519555,0.9392949908127634,2.0534932112425963,-1.6798238136061479,-1.3052842167381606
1,0,1.8894168459502128,1.7478340548614628,0.2105861330937295,0.13098878064372046,0.40923021387837355
1,0,-1.4517380248686638,-1.014674413971504,1.0765304228263297,-1.1295768927014918,-0.9120469620095977
0,1,0.2437734021140412,-0.07137883924807259,-0.3112008107195039,0.9313479383232204,0.2519353119869484
0,0,1.1413970987519555,0.13075592676410228,-0.5332378080868373,1.4615858802858894,0.18901735123037833
1,0,0.7923212167261079,0.06337767142673618,-0.9828627277556873,1.581639753937814,-0.5974571582267474
0,1,-0.9031902102566255,-0.47564837127238396,2.8694791765675465,-2.1300258398008665,0.5665251157697987
1,0,-1.750945923747978,-1.6210787120079904,-0.15022398762818723,0.3610920384765771,-0.25140837406561206
1,0,-0.40451037879112073,0.4676472034510476,-0.022552714141970538,0.2610471437666396,-1.4311201382513006
1,0,0.3933773515536983,1.1414297568249383,-0.694214631178154,0.9013344699102395,-1.5412265695752982
0,1,0.5429813009933554,0.8719167354753973,0.6380073530258462,-0.9294871032816167,-1.258095746170733
1,0,-0.1053024799118065,-0.6104048819471545,0.21613705802791283,0.2110246964116709,1.3058111546594968
0,1,1.4406049976312414,1.6804557995240583,0.7767804763804296,-0.9094781243396293,-0.45589174652446474
0,1,-1.0527941596962826,-0.6777831372845589,2.39209963222778,-1.8398956451420476,-1.1165303344684503
1,0,1.540340963924365,0.8719167354753973,-0.3611591351271539,-0.5193030349708732,1.6833189191989173
1,0,0.293641385260603,0.26551243743887276,-0.5165850332842873,0.9713658962071959,0.7395495078503663
1,0,1.1912650818984891,0.13075592676410228,-0.20018231203583722,-0.37924018237696017,0.912573899930934
1,0,-0.7037182776704066,-1.0820526693089085,-0.30009896085113724,0.2910606121796206,-1.1008008442793078
0,1,-1.601341974308321,-1.6884569673453949,-0.3833628348638872,0.591195296309433,0.3777712335000885
1,0,-1.0029261765497208,-1.6210787120079904,-0.8551914542694706,0.5011548910704895,0.7867379784177939
0,0,-0.5541143282307779,0.13075592676410228,1.2874655703252964,-1.3196621926503727,1.6990484093880598
1,0,2.138756761682965,2.2194818422231783,1.3096692700620296,-1.5097474925992542,-1.0850713540901653
1,0,-0.9031902102566255,-1.48632220133322,-0.910700703611304,0.6612267226063896,1.2586226840920693
0,1,-0.4543783619376542,-0.7451613926219632,-1.1882469503204707,0.8413075330842767,1.7619663701446298
0,1,-1.3021340754290351,-0.8799179032967337,0.23834075776464617,-0.8094332296296918,0.8339264489852214
1,0,-0.953058193403159,-0.8799179032967337,0.09401670947587948,-0.8394466980426727,0.5822546059589412
1,0,1.6400769302174603,1.4783210335118835,-0.18352953723328722,0.0009304175208020274,-0.9120469620095977
0,1,-0.9031902102566255,-1.48632220133322,0.14952595881771283,-0.6193479296808106,-0.12557245255247196
1,0,-1.4018700417221304,-0.8799179032967337,-0.4222193094031706,0.991374875149183,0.5979840961480837
1,0,1.3408690313381462,1.613077544186654,-0.3445063603246039,0.6312132541934079,2.249580566008048
1,0,-0.8533222271100637,-0.47564837127238396,0.10511855934424615,-0.2791952876670227,-0.5502686876593198
1,0,0.7424532335795461,0.7371602248006268,-0.5831961324944873,0.9613614067362021,0.330582762932661
1,0,-0.7037182776704066,-0.47564837127238396,0.7656786265120629,-0.8794646559266479,1.1327867625789292
1,0,-0.5541143282307779,0.06337767142673618,-0.9884136526898707,1.1714556856270708,1.3215406448486393
1,0,-0.30477441249802545,-0.7451613926219632,0.2438916826988295,-0.589334461267829,1.0698688018223592
1,0,-2.199757772066921,-2.6991307974062306,0.1661787336202628,0.04094837540477688,1.0384098214440742
0,0,-1.3520020585755685,-1.1494309246462746,2.197817259531363,-2.0699989029749037,-1.3210137069273031
1,0,-0.5541143282307779,-0.07137883924807259,-0.7497238805199873,-0.019078561421185754,-0.7232930797398875
1,0,-0.7037182776704066,0.06337767142673618,-0.03365456401033721,-0.6093434402098168,-1.3210137069273031
1,0,-0.4543783619376542,-1.216809179983679,-0.7219692558490707,0.6412177436644018,-1.5097675891970133
0,1,0.34350936840713653,0.7371602248006268,0.38266480605341285,-0.46928058761590447,0.9283033901200766
0,1,-1.3021340754290351,-1.418943945995854,-1.1160849261760875,0.8513120225552707,0.7867379784177939
1,0,1.1912650818984891,0.6024037141258181,-1.0550247519000706,0.6112042752514208,0.6294430765263688
0,1,1.839548862803651,1.613077544186654,0.038507460134046136,-0.6293524191518038,0.6451725667155113
1,0,-0.8034542439635303,-0.47564837127238396,-0.7219692558490707,0.31106959112160837,0.912573899930934
1,0,1.6899449133639939,1.9499688208735992,-0.8329877545327373,1.4115634329309208,0.01599295914981068
1,0,-1.0029261765497208,-1.5537004566706243,-0.33340451045623726,0.25104265429564576,-0.9592354325770253
1,0,0.293641385260603,-0.13875709458543867,0.8267388007880796,-1.1395813821724852,0.42495970406751604
1,0,-0.5541143282307779,0.13075592676410228,-0.03365456401033721,0.28105612270862673,0.47214817463494363
0,1,-0.2549064293514636,-0.47564837127238396,2.014636736703313,-1.5997878978381979,0.6766315470937962
0,1,-0.055434496765273025,-0.5430266266097884,0.7989841761171629,-0.9494960822236042,-1.4940380990078708
1,0,0.7424532335795461,0.4002689481136815,-0.4777285587450039,0.401109996360552,1.5732124878749196
0,1,0.293641385260603,-0.2735136052602091,-0.20018231203583722,-0.1591414140150981,-0.6289161386050324
0,0,-1.7010779406014163,-1.7558352226827991,-0.7386220306516207,0.15099775958570827,1.2743521742812118
0,1,1.1912650818984891,1.2761862674997086,-0.5554415078235706,-0.3392222244929853,1.6361304486314896
1,0,-1.3520020585755685,-1.014674413971504,-0.1946313871016539,0.20102020694067702,0.5350661353915137
1,0,-1.4018700417221304,-0.9472961586340998,1.3041183451278464,-1.6998327925481354,-1.226636765792448
1,0,0.34350936840713653,-0.47564837127238396,-0.6331544569021372,0.5311683594834704,-0.12557245255247196
1,0,0.49311331784679363,0.33289069277627714,-0.8884970038745706,1.7317070960027203,1.5102945271183497
1,0,-0.8533222271100637,-0.5430266266097884,0.1273222590809795,-0.2391773297830478,0.4564186844458011
0,1,0.2437734021140412,1.2761862674997086,1.0598776480237797,-1.2496307663534165,1.5889419780640621
1,0,0.4432453347002318,0.8719167354753973,-0.4999322584817373,0.02093939646278981,0.9440328803092191
0,1,-1.0029261765497208,-1.5537004566706243,-0.2889971109827706,0.13098878064372046,0.8181969587960789
0,1,-1.2023981091359115,-1.0820526693089085,-0.1779786122991039,0.601199785780427,-0.8963174718204552
1,0,1.1912650818984891,1.2088080121623426,0.021854685331496135,-0.8894691453976414,-0.188490413309042
0,1,1.6400769302174603,1.2088080121623426,0.0496093100024128,-0.6493613980937917,-0.5188097072810348
1,0,-0.15517046305836832,-0.2735136052602091,-0.6664600065072372,0.5111593805414834,0.975491860687504
1,0,0.4432453347002318,0.9392949908127634,2.963844900448663,-1.8599046240840353,-0.04692500160675938
1,0,0.1939054189674794,0.535025458788452,-1.060575676834254,1.601648732879802,0.5979840961480837
1,0,1.9392848290967462,1.815212310198829,-1.110534001241904,2.231931569552408,0.7552789980395088
0,0,0.04430146952785062,1.0740515014875722,0.2771972323039295,-0.20916386137006684,-1.1165303344684503
1,0,-0.8533222271100637,-0.6104048819471545,2.0257385865716797,-1.9699540082649665,0.5036071550132286
1,0,1.1912650818984891,0.06337767142673618,-0.6109507571654039,0.37109652794757103,-0.06265449179590189
1,0,0.293641385260603,1.3435645228371131,-0.2723443361802206,0.2210291858826648,-1.651333000899296
0,0,-0.6538502945238731,-1.0820526693089085,-0.5942979823628539,0.28105612270862673,1.400188095794352
1,0,1.241133065045051,1.2761862674997086,-0.10581658815472055,0.4911504015994956,-0.21994939368732705
0,1,-0.8533222271100637,-1.1494309246462746,-0.8884970038745706,0.801289575200302,1.1485162527680717
1,0,-0.8034542439635303,-0.5430266266097884,-1.077228451636804,1.2715005803370083,1.3844586056052095
0,1,0.8421891998726413,-0.07137883924807259,-0.48327948367918727,0.15099775958570827,-0.3457853152004672
0,1,-0.5541143282307779,-0.9472961586340998,-0.08361288841798721,0.04094837540477688,0.362041743310946
0,1,-0.0055665136187112016,-0.6104048819471545,0.4714796050003462,-0.9194826138106228,0.7395495078503663
1,0,-1.3021340754290351,-1.2841874353210452,1.0543267230895963,-0.8294422085716792,1.5102945271183497
0,0,-0.9031902102566255,-1.0820526693089085,-0.7830294301250873,1.181460175098064,-0.5030802170918923
1,0,0.5429813009933554,1.1414297568249383,1.5372571923635463,-1.549765450483229,-1.5884150401427257
1,0,2.138756761682965,2.354238352897949,-0.41666838446898724,-0.3292177350219914,1.3529996252269245
1,0,0.09416945267438409,1.0740515014875722,-0.05585826374707054,-0.4492716086739167,-1.3682021774947306
0,1,0.7923212167261079,0.33289069277627714,-0.694214631178154,0.9313479383232204,-0.031195511417616863
1,0,-1.2023981091359115,-0.6777831372845589,-0.2889971109827706,0.5411728489544643,-0.6918340993616025
0,1,0.8920571830192031,0.4676472034510476,-0.41111745953480394,-0.4192581402609357,-0.4087032759570372
0,1,2.03902079538987,2.152103586885774,2.714053278410413,-2.110016860858879,-0.9906944129553102
1,0,-0.15517046305836832,0.6024037141258181,-0.8607423792036539,0.8212985541422897,1.2586226840920693
1,0,-1.3021340754290351,-0.4082701159350179,-0.3667100600613373,0.5511773384254582,-0.21994939368732705
1,0,-0.5042463450842161,0.19813418210150666,-0.6165016820995873,0.6312132541934079,1.0541393116332167
0,1,-0.1053024799118065,-0.5430266266097884,-0.927353478413854,1.8217475012416646,-0.67610460917246
1,0,-1.7010779406014163,-1.6884569673453949,0.23834075776464617,-0.20916386137006684,1.400188095794352
0,0,0.9917931493122984,0.33289069277627714,-0.4444230091399039,0.3210740805926023,0.6294430765263688
1,0,0.1440374358209459,0.19813418210150666,0.9155535997350129,-1.0495409769335415,-1.6985214714667234
1,0,-0.5541143282307779,-0.07137883924807259,-0.9662099529531373,0.6512222331353957,-0.5188097072810348
1,0,0.2437734021140412,0.33289069277627714,-0.48327948367918727,0.2910606121796206,-1.2423662559815905
0,1,1.1413970987519555,1.1414297568249383,-1.0994321513735374,0.6312132541934079,1.3529996252269245
1,0,0.7424532335795461,0.7371602248006268,-0.4444230091399039,0.5111593805414834,-0.1727609231198995
1,0,-0.5042463450842161,-0.4082701159350179,0.8544934254589962,-0.9895140401075789,-0.37724429557875216
0,1,-1.3520020585755685,-1.216809179983679,-0.48327948367918727,-0.17915039295708515,-1.0064239031444528
0,1,0.7923212167261079,0.4002689481136815,0.07736393467332947,-0.10911896666012935,-1.6985214714667234
0,0,-0.8533222271100637,-0.4082701159350179,0.5103360795396296,-1.0195275085205602,-1.6985214714667234
1,0,-0.2050384462049018,-0.5430266266097884,0.005201910528946133,-0.3292177350219914,1.7776958603337722
1,0,-0.6538502945238731,-0.13875709458543867,-1.2048997251230207,1.7016936275897394,0.5036071550132286
1,0,0.8920571830192031,0.19813418210150666,0.8267388007880796,-1.1195724032304977,-1.2109072756033055
0,1,-0.9031902102566255,-1.0820526693089085,-0.16132583749655388,-0.009074071950191864,0.40923021387837355
1,0,0.34350936840713653,1.2088080121623426,-0.33895543539042056,0.1910157174696831,1.5574829976857771
0,0,2.03902079538987,2.2194818422231783,-0.7885803550592706,0.9613614067362021,-1.163718805035878
1,0,-0.6039823113773113,-0.07137883924807259,-0.6165016820995873,0.24103816482465185,0.3777712335000885
0,1,0.2437734021140412,1.2761862674997086,0.7601277015778796,-0.4792850770868976,-0.1727609231198995
1,0,-0.2050384462049018,0.6024037141258181,0.6602110527625795,-1.1996083189984479,-0.5030802170918923
0,1,0.9419251661657366,0.6697819694632224,-0.40001560966643723,0.8112940646712958,-1.0221533933335953
1,0,1.390737014484708,1.545699288849288,-0.1946313871016539,0.03094388593378299,1.5102945271183497
1,0,0.5429813009933554,0.06337767142673618,0.13842410894934615,-0.3192132455509982,-1.5884150401427257
0,0,0.2437734021140412,-0.4082701159350179,0.5713962538156462,-0.37924018237696017,-0.07838398198504441
0,1,0.6925852504329842,0.33289069277627714,-1.7877468432122707,2.0618552485455144,-0.07838398198504441
0,1,1.1912650818984891,0.8719167354753973,-1.2604089744648541,2.151895653784458,-0.3615148053896097
1,0,-0.6039823113773113,0.13075592676410228,-0.1946313871016539,0.10097531223073951,-0.8963174718204552
1,0,-1.3021340754290351,-1.1494309246462746,-0.3112008107195039,-0.11912345613112324,-1.3367431971164456
1,0,1.2910010481916128,0.6697819694632224,-0.6387053818363206,-0.19915937189907296,0.5665251157697987
0,1,2.088888778536403,2.354238352897949,-0.03920548894452054,0.13098878064372046,0.8339264489852214
0,1,1.4904729807778032,0.7371602248006268,-0.6165016820995873,-0.019078561421185754,1.1485162527680717
1,0,-1.3021340754290351,-1.014674413971504,-0.2945480359169539,0.8613165120262646,-0.5188097072810348
1,0,-0.8034542439635303,-0.20613534992284305,-0.05030733881288721,-0.13913243507311032,0.8339264489852214
0,1,-1.2522660922824733,-1.2841874353210452,-0.3889137597980706,0.48114591212850166,-1.619874020521011
1,0,-1.2023981091359115,-1.9579699886949358,-0.23903878657512057,-0.07910549824714767,-1.5097675891970133
1,0,-0.5541143282307779,-0.7451613926219632,-0.6498072317046872,0.7612716173163271,-1.4625791186295858
1,0,1.4406049976312414,1.7478340548614628,-1.1715941755179207,1.9918238222485578,-1.3210137069273031
1,0,-1.1525301259893779,-1.216809179983679,-0.5165850332842873,0.3911055068895581,1.006950841065789
1,0,-1.3021340754290351,-0.9472961586340998,0.3882157309875962,-0.37924018237696017,0.12609939047380828
1,0,-0.9031902102566255,-0.6777831372845589,1.3374238947329462,-1.069549955875529,-0.2671378642547546
1,0,0.1440374358209459,-0.2735136052602091,-0.7497238805199873,0.4611369331865146,-0.33005582501132463
1,0,-1.3520020585755685,-1.1494309246462746,0.06071115987077948,-0.29920426660901045,-0.8491290012530276
0,1,-0.8034542439635303,0.13075592676410228,1.0321230233528629,-0.7994287401586979,-0.44016225633532224
1,0,-0.6039823113773113,-0.9472961586340998,-1.1549414007153707,2.2819540169073766,-0.42443276614617975
0,1,0.6925852504329842,-0.0040005839106682,0.8322897257222629,-0.7894242506877039,1.5574829976857771
1,0,-1.1525301259893779,-0.8799179032967337,-0.33340451045623726,0.571186317367446,-0.23567888387646954
0,1,-0.8533222271100637,-1.48632220133322,-0.4555248590082706,1.2514916013950206,-0.15703143293075697
0,0,-0.6039823113773113,0.13075592676410228,-0.46662670887663726,0.4911504015994956,-0.015466021228474349
0,1,-1.2023981091359115,-0.8125396479593293,-1.010617352426604,0.9713658962071959,-0.06265449179590189
1,0,1.3408690313381462,1.4783210335118835,-0.944006253216404,1.181460175098064,1.0384098214440742
0,0,-0.6039823113773113,-0.6777831372845589,-0.23348786164093724,0.38110101741856417,0.6137135863372263
1,0,-0.15517046305836832,0.4002689481136815,0.7545767766436963,-0.869460166455654,0.330582762932661
1,0,-0.055434496765273025,0.9392949908127634,0.4881323798028962,-0.3292177350219914,0.15755837085209332
0,1,0.09416945267438409,-0.13875709458543867,-0.4055665346006206,0.571186317367446,-1.0536123737118803
1,0,0.1440374358209459,1.1414297568249383,-0.7386220306516207,0.7512671278453332,-1.4783086088187283
1,0,-1.1525301259893779,-1.5537004566706243,0.23278983283046284,-0.5092985454998793,-1.2109072756033055
1,0,1.989152812243308,2.0173470762110037,4.52365480695418,-2.5001919502276353,0.1418288806629508
1,0,-0.15517046305836832,-0.5430266266097884,0.5103360795396296,-0.4892895665578915,1.0855982920115017
1,0,0.09416945267438409,1.0066732461501677,-0.2445897115093039,-0.1491369245441042,-0.6131866484158899
0,0,0.8920571830192031,0.7371602248006268,-0.4222193094031706,1.0113838540911708,0.6451725667155113
1,0,-1.0527941596962826,-0.07137883924807259,-0.37226098499552057,0.5011548910704895,1.1799752331463567
0,1,-0.5541143282307779,-0.8799179032967337,1.2930164952594796,-1.159590361114473,1.0855982920115017
1,0,0.5928492841398889,0.535025458788452,-0.8163349797301873,1.2614960908660144,-1.3367431971164456
1,0,-0.30477441249802545,-0.7451613926219632,-0.4888304086133706,0.05095286487577077,0.9440328803092191
1,0,1.0915291156053937,0.6697819694632224,0.08846578454169614,-0.5793299717968351,1.2114342135246419
1,0,0.2437734021140412,1.1414297568249383,0.44372498032942953,-0.7293973138617413,-0.3615148053896097
0,0,-0.6039823113773113,-0.2735136052602091,-1.2770617492674041,1.7417115854737142,1.2114342135246419
1,0,-0.5541143282307779,0.4002689481136815,-0.844089604401104,1.2715005803370083,-1.6670624910884384
1,0,-0.5541143282307779,-0.6104048819471545,7.337973748585131,-3.540658855210985,0.5507956255806562
1,0,-2.1498897889203876,-2.496996031394056,2.0867987608476963,-1.7598597293740978,-0.45589174652446474
1,0,-0.0055665136187112016,0.8045384801379929,-1.043922902031704,0.41111448583154586,1.5417535074966346
1,0,0.04430146952785062,-0.47564837127238396,1.6760303157181298,-1.6998327925481354,0.2676648021760909
0,1,0.34350936840713653,-0.2735136052602091,0.16062780868607948,-0.4792850770868976,-0.4087032759570372
0,1,0.293641385260603,0.4002689481136815,-0.4222193094031706,0.5511773384254582,1.3844586056052095
1,0,-0.1053024799118065,-0.3408918605976135,1.1098359724314295,-1.2496307663534165,0.31485327274351843
1,0,-0.7037182776704066,-0.47564837127238396,-0.4999322584817373,0.6512222331353957,-1.289554726549018
1,0,0.3933773515536983,1.2088080121623426,-0.677561856375604,0.34108305953458934,1.8091548407120572
1,0,-0.40451037879112073,-1.014674413971504,-0.4555248590082706,0.4711414226575085,1.368729115416067
0,1,0.293641385260603,0.13075592676410228,-0.03920548894452054,-0.12912794560211643,-1.446849628440443
0,0,0.4432453347002318,0.6024037141258181,-0.3611591351271539,-0.42926262973192886,1.0541393116332167
1,0,-0.6039823113773113,-0.7451613926219632,1.7370904899941464,-1.4997430031282604,-0.8019405306856001
1,0,0.1939054189674794,0.8045384801379929,-0.7386220306516207,0.3610920384765771,-1.3524726873055881
1,0,1.2910010481916128,0.26551243743887276,-0.9995155025582373,1.7217026065317271,-0.644645628794175
1,0,-0.7535862608169684,-0.47564837127238396,0.28274815723811286,-0.6093434402098168,-0.015466021228474349
1,0,-1.8506818900410733,-1.7558352226827991,0.6047018034207462,-0.5993389507388229,-0.7547520601181725
0,1,0.293641385260603,0.33289069277627714,-0.42777023433735395,0.13098878064372046,-0.6289161386050324
1,0,-1.2522660922824733,-0.8125396479593293,-1.2604089744648541,1.0313928330331579,0.8024674686069364
1,0,-1.102662142842816,-0.8125396479593293,-0.6553581566388706,0.9613614067362021,-0.10984296236332944
1,0,1.0416611324588603,0.33289069277627714,-0.8329877545327373,0.9613614067362021,0.9597623704983616
1,0,0.9917931493122984,0.8045384801379929,-0.5831961324944873,0.4911504015994956,-1.4625791186295858
1,0,1.6400769302174603,1.6804557995240583,2.380997782359413,-1.9399405398519851,0.34631225312180347
1,0,1.4904729807778032,1.545699288849288,-0.2945480359169539,0.24103816482465185,0.06318142971723822
1,0,-1.102662142842816,-0.5430266266097884,-0.927353478413854,0.7312581489033454,-1.4625791186295858
1,0,0.09416945267438409,-0.0040005839106682,-0.8329877545327373,1.361540985575952,1.1957047233354994
0,0,-1.102662142842816,-0.7451613926219632,0.6158036532891129,-0.7794197612167101,1.368729115416067
1,0,1.1912650818984891,1.1414297568249383,1.0099193236161297,-1.3096577031793792,0.06318142971723822
1,0,0.8421891998726413,0.7371602248006268,-0.3889137597980706,-0.2791952876670227,0.31485327274351843
1,0,1.2910010481916128,1.545699288849288,0.6713129026309462,-0.9695050611655915,-1.1322598246575928
0,1,-1.5016060080152256,-1.216809179983679,0.9044517498666462,-0.9294871032816167,0.2519353119869484
1,0,-0.9031902102566255,-0.7451613926219632,1.098734122563063,-1.4497205557732915,-1.289554726549018
0,1,1.6899449133639939,1.1414297568249383,-1.0328210521633374,0.41111448583154586,1.3215406448486393
1,0,0.04430146952785062,-0.20613534992284305,3.3968170453149633,-2.2500797134527915,1.0226803312549315
0,1,0.5928492841398889,0.19813418210150666,-0.8884970038745706,0.3210740805926023,-0.8176700208747426
0,1,-1.9005498731876351,-1.8905917333575697,-2.059742164987254,2.341980953733339,1.006950841065789
0,1,-1.1525301259893779,-0.8125396479593293,-1.0494738269658874,1.7016936275897394,-0.04692500160675938
1,0,-1.0029261765497208,-0.8799179032967337,0.49923422967126285,-0.5693254823258419,1.3058111546594968
0,1,0.1939054189674794,-0.13875709458543867,-0.6053998322312206,0.34108305953458934,1.4159175859834945
1,0,1.2910010481916128,1.4109427781745174,-0.11136751308890389,-0.18915488242807907,1.1013277822006442
1,0,2.03902079538987,2.084725331548408,-1.177145100452104,1.4115634329309208,-0.8019405306856001
0,0,1.4406049976312414,1.545699288849288,1.1930998464441795,-1.3096577031793792,1.5889419780640621
0,1,1.4904729807778032,1.7478340548614628,-0.8163349797301873,0.2910606121796206,-0.21994939368732705
0,1,-1.2023981091359115,-1.0820526693089085,-0.7830294301250873,0.8913299804392455,-0.7075635895507449
1,0,-1.3520020585755685,-0.9472961586340998,-1.0050664274924206,0.7612716173163271,0.03172244933895319
0,1,0.34350936840713653,-0.3408918605976135,0.5214379294079962,-0.869460166455654,-0.2828673544438971
1,0,-0.6039823113773113,-0.07137883924807259,0.16062780868607948,-0.6293524191518038,-1.4940380990078708
1,0,-0.5042463450842161,0.13075592676410228,-0.8995988537429374,2.2519405484943955,-0.25140837406561206
1,0,0.3933773515536983,0.535025458788452,1.1209378222997963,-1.2896487242373915,-1.0850713540901653
1,0,0.04430146952785062,-0.47564837127238396,0.9599609992084795,-1.149585871643479,0.5193366452023711
1,0,2.088888778536403,2.2868600975605444,-0.31675173565368725,0.14099327011471438,-1.195177785414163
0,1,1.0915291156053937,0.9392949908127634,-0.927353478413854,1.5116083276408583,-1.5569560597644407
1,0,-0.4543783619376542,-0.0040005839106682,-0.8052331298618206,0.6612267226063896,-1.2738252363598754
0,0,1.3408690313381462,0.33289069277627714,0.16062780868607948,-0.3092087560800043,-1.258095746170733
1,0,-1.102662142842816,-0.8125396479593293,0.22168798296209616,-0.7093883349197543,-0.5974571582267474
1,0,1.3408690313381462,0.26551243743887276,-0.2778952611144039,0.27105163323763354,-1.1794482952250205
0,1,-1.0029261765497208,-1.6210787120079904,-0.37226098499552057,0.6712312120773835,0.12609939047380828
1,0,1.1912650818984891,0.6697819694632224,3.7298725413659635,-2.4601739923436603,1.494565036929207
1,0,0.1440374358209459,0.19813418210150666,-1.077228451636804,0.6312132541934079,-0.9120469620095977
1,0,0.9917931493122984,0.535025458788452,0.42152128059269617,-1.0995634242885104,1.9979087229817676
1,0,0.7424532335795461,0.6024037141258181,-0.3889137597980706,0.4711414226575085,0.881114919552649
1,0,0.09416945267438409,-0.20613534992284305,0.7712295514462463,-0.9494960822236042,0.5350661353915137
0,0,-0.8533222271100637,-0.6104048819471545,0.5935999535523795,-0.9795095506365854,0.2676648021760909
1,0,-0.7535862608169684,-0.47564837127238396,0.46592868006616284,-0.6893793559777665,0.01599295914981068
1,0,1.4406049976312414,1.545699288849288,-0.13357121282563722,0.08096633328875173,1.1799752331463567
1,0,0.8421891998726413,0.6024037141258181,0.9211045246691962,-0.8794646559266479,0.5979840961480837
1,0,0.09416945267438409,1.1414297568249383,0.07736393467332947,0.13098878064372046,-1.0064239031444528
1,0,0.5928492841398889,0.33289069277627714,0.038507460134046136,0.0009304175208020274,-0.8333995110638851
1,0,-0.055434496765273025,0.26551243743887276,-1.1715941755179207,0.991374875149183,1.5417535074966346
0,1,-1.3021340754290351,-0.8799179032967337,-0.6331544569021372,1.0313928330331579,0.6923610372829389
0,1,0.1939054189674794,0.06337767142673618,-0.4555248590082706,-0.4892895665578915,1.3372701350377818
0,1,1.241133065045051,0.26551243743887276,-0.16687676243073724,-0.2391773297830478,-0.9906944129553102
1,0,-0.4543783619376542,0.26551243743887276,-0.4943813335475539,0.09097082275974562,-0.3615148053896097
1,0,-1.0029261765497208,-0.2735136052602091,-0.7552748054541706,1.1314377277430954,0.22047633160866337
1,0,-1.0527941596962826,-1.6210787120079904,-0.13357121282563722,0.05095286487577077,0.15755837085209332
0,1,1.8894168459502128,1.815212310198829,-0.1779786122991039,-0.1491369245441042,1.1327867625789292
1,0,1.839548862803651,1.613077544186654,-1.2382052747281207,1.9317968854225953,0.4564186844458011
1,0,-0.5541143282307779,0.13075592676410228,0.46592868006616284,-0.2791952876670227,1.0855982920115017
1,0,-0.9031902102566255,-0.6104048819471545,-0.0003490144052372012,-0.3492267139639792,0.40923021387837355
0,0,1.0915291156053937,-0.0040005839106682,-0.39446468473225393,0.3610920384765771,-1.1008008442793078
1,0,0.4432453347002318,0.4002689481136815,0.32715555671157953,-0.45927609814491055,1.2271637037137844
1,0,1.241133065045051,0.26551243743887276,-0.28344618604858723,0.8413075330842767,0.40923021387837355
1,0,0.04430146952785062,0.9392949908127634,-0.5165850332842873,0.060957354346764664,0.6137135863372263
1,0,-1.1525301259893779,-1.0820526693089085,-1.3880802479510708,1.1314377277430954,-0.4087032759570372
0,1,-0.3546423956445589,-0.5430266266097884,0.2605444575013795,-0.20916386137006684,0.330582762932661
1,0,-2.100021805773826,-2.496996031394056,-1.1216358511102706,1.4615858802858894,-0.33005582501132463
0,1,-1.2023981091359115,-1.0820526693089085,-0.7830294301250873,0.1910157174696831,1.6833189191989173
1,0,-0.8533222271100637,-1.2841874353210452,0.7379240018411463,0.13098878064372046,-1.6985214714667234
0,1,0.09416945267438409,1.0740515014875722,-0.14467306269400387,0.08096633328875173,0.7710084882286514
0,1,-0.6538502945238731,0.06337767142673618,0.055160234936596136,0.25104265429564576,-0.73902256992903
0,1,0.04430146952785062,0.8719167354753973,-0.2445897115093039,0.10097531223073951,1.3372701350377818
1,0,-0.1053024799118065,0.7371602248006268,0.27164630736974615,-0.19915937189907296,1.1799752331463567
1,0,-0.1053024799118065,-0.4082701159350179,-0.16132583749655388,0.25104265429564576,0.5979840961480837
0,1,-0.7037182776704066,-0.5430266266097884,1.1264887472339795,-0.9995185295785729,-1.1165303344684503
1,0,-0.7037182776704066,-0.07137883924807259,-0.810784054796004,0.5511773384254582,-1.1008008442793078
1,0,-0.1053024799118065,-0.5430266266097884,-0.7719275802567206,0.2610471437666396,1.6046714682532046
0,1,0.09416945267438409,0.13075592676410228,-0.6109507571654039,0.38110101741856417,-0.8491290012530276
0,1,-1.3021340754290351,-0.8125396479593293,0.18838243335699617,-0.6093434402098168,0.2362058217978059
1,0,-0.40451037879112073,-1.0820526693089085,0.4492759052636129,-0.589334461267829,-0.2985968446330396
0,1,1.9392848290967462,1.9499688208735992,-0.6053998322312206,1.351536496104958,1.2743521742812118
1,0,-0.2549064293514636,-0.47564837127238396,-1.143839550847004,1.4115634329309208,0.6137135863372263
1,0,0.34350936840713653,0.6697819694632224,2.3865487072935965,-1.9299360503809915,0.01599295914981068
1,0,-1.3021340754290351,-1.014674413971504,-0.42777023433735395,0.28105612270862673,-0.6289161386050324
1,0,-0.055434496765273025,0.6697819694632224,1.1542433719048963,-1.2396262768824227,1.0855982920115017
1,0,-0.6039823113773113,-0.9472961586340998,0.33270648164576283,-0.6993838454487604,-0.10984296236332944
1,0,0.09416945267438409,0.13075592676410228,-0.05030733881288721,0.8513120225552707,-1.4625791186295858
1,0,1.839548862803651,1.7478340548614628,0.4548268301977962,-0.11912345613112324,1.1642457429572142
0,1,0.2437734021140412,-0.3408918605976135,-1.2160015749913873,0.991374875149183,-0.770481550307315
0,1,-1.102662142842816,-1.8905917333575697,-0.4610757839424539,-0.03908754036317282,1.431647076172637
1,0,0.09416945267438409,1.0740515014875722,-1.0161682773607874,1.351536496104958,0.3777712335000885
1,0,1.2910010481916128,0.6697819694632224,0.4492759052636129,-0.37924018237696017,0.4878776648240861
0,0,0.9917931493122984,-0.07137883924807259,1.0876322726946963,-1.2796442347663979,1.3215406448486393
1,0,-0.4543783619376542,0.33289069277627714,-0.03920548894452054,-0.3392222244929853,-0.7232930797398875
0,1,-0.6039823113773113,-0.5430266266097884,-0.48327948367918727,0.8613165120262646,-0.15703143293075697
1,0,-0.9031902102566255,-1.216809179983679,-0.7330711057174373,0.7112491699613583,0.7080905274720813
0,0,-1.2522660922824733,-0.47564837127238396,0.13287318401516282,-0.389244671847954,-0.12557245255247196
1,0,-0.40451037879112073,0.19813418210150666,-0.6109507571654039,0.01093490699179592,-1.3367431971164456
1,0,-1.3021340754290351,-0.6104048819471545,-0.8829460789403873,0.11097980170173341,0.6923610372829389
1,0,-2.199757772066921,-2.6317525420688264,-0.8329877545327373,0.6212087647224147,0.07891091990638074
1,0,1.4406049976312414,1.613077544186654,2.131206160321163,-1.6097923873091917,2.13947413468405
0,1,-0.0055665136187112016,0.13075592676410228,-0.5332378080868373,1.8717699485966333,-0.6289161386050324
1,0,1.5902089470708984,1.613077544186654,0.6879656774334962,-0.6293524191518038,-0.5817276680376049
1,0,-0.8034542439635303,-1.216809179983679,-1.426936722490354,2.0718597380165082,1.6990484093880598
0,1,0.1939054189674794,1.2088080121623426,-0.5387887330210206,0.5111593805414834,-1.6985214714667234
0,1,-1.0029261765497208,-1.6884569673453949,-0.6220526070337706,0.3610920384765771,-0.10984296236332944
1,0,0.34350936840713653,0.26551243743887276,-1.693381119331154,1.1714556856270708,0.8181969587960789
0,1,-1.3021340754290351,-1.216809179983679,-0.017001789207787204,-0.5393120139128602,-1.6356035107101534
0,1,-0.7535862608169684,-0.20613534992284305,0.0995676344100628,-0.2291728403120539,-0.3457853152004672
0,0,-0.953058193403159,-1.6210787120079904,0.0163037603973128,-0.28919977713801653,-0.37724429557875216
0,1,-0.9031902102566255,-1.1494309246462746,-0.5054831834159206,0.3310785700635955,1.431647076172637
1,0,-0.3546423956445589,-0.9472961586340998,-0.9329044033480374,1.0514018119751456,0.4406891942566586
1,0,0.6427172672864507,0.535025458788452,0.11622040921261281,-0.1491369245441042,-0.8805879816313127
0,1,-0.055434496765273025,0.26551243743887276,0.20503520815954615,-0.5693254823258419,1.2586226840920693
1,0,0.1440374358209459,0.9392949908127634,-1.227103424859754,1.2715005803370083,-1.4940380990078708
1,0,0.8920571830192031,0.4002689481136815,-1.3547746983459708,2.231931569552408,-0.2671378642547546
1,0,-0.6039823113773113,-0.13875709458543867,1.9757802621640297,-1.7998776872580728,0.40923021387837355
0,1,-0.1053024799118065,-0.2735136052602091,-1.0716775267026206,1.3215230276919772,-0.20421990349818453
0,1,-0.40451037879112073,-1.216809179983679,0.7490258517095129,-1.1795993400564604,-1.4783086088187283
1,0,1.540340963924365,0.8719167354753973,-1.127186776044454,1.2614960908660144,1.006950841065789
0,1,-0.0055665136187112016,0.9392949908127634,-0.4055665346006206,-0.09911447718913546,0.2676648021760909
1,0,-0.8533222271100637,-1.418943945995854,-0.777478505190904,0.7812805962583141,-0.14130194274161448
1,0,-0.7037182776704066,-1.216809179983679,-1.1882469503204707,1.401558943459927,-1.0536123737118803
0,1,-1.5514739911617874,-1.2841874353210452,-0.5498905828893873,0.6312132541934079,-0.6918340993616025
0,1,1.0915291156053937,0.06337767142673618,-0.6553581566388706,0.5411728489544643,-1.5569560597644407
1,0,0.8421891998726413,0.6697819694632224,-1.0883303015051706,0.9213434488522272,-1.3052842167381606
1,0,-1.0527941596962826,-0.6777831372845589,0.2438916826988295,-0.3292177350219914,-0.06265449179590189
1,0,-0.3546423956445589,0.4676472034510476,-0.2445897115093039,-0.07910549824714767,0.5665251157697987
1,0,1.1413970987519555,1.2088080121623426,0.36601203125086285,-0.4792850770868976,0.6923610372829389
0,0,0.09416945267438409,1.0740515014875722,0.6824147524993129,-1.1195724032304977,0.849655939174364
0,1,1.1413970987519555,0.7371602248006268,-1.1160849261760875,1.3315275171629704,-0.7075635895507449
0,1,-1.4517380248686638,-1.2841874353210452,1.5761136669028297,-1.5697744294252165,1.7462368799554873
1,0,0.5429813009933554,1.545699288849288,0.7934332511829796,-1.0295319979915543,-0.3929737857678947
1,0,1.4406049976312414,1.6804557995240583,0.7989841761171629,-0.7894242506877039,-0.3615148053896097
1,0,-0.055434496765273025,0.33289069277627714,-0.0003490144052372012,-0.7193928243907481,1.651859938820632
1,0,0.9917931493122984,-0.20613534992284305,0.0662620848049628,-0.5193030349708732,1.5574829976857771
1,0,1.7398128965105557,1.9499688208735992,-0.1946313871016539,0.48114591212850166,0.04745193952809571
0,1,-0.5042463450842161,-0.6777831372845589,1.4706460931533463,-1.3196621926503727,-1.4311201382513006
0,1,-0.2549064293514636,-0.8125396479593293,1.9258219377563797,-1.9099270714390042,0.1418288806629508
1,0,0.04430146952785062,0.06337767142673618,0.6158036532891129,-0.8394466980426727,-1.3996611578730156
1,0,0.5429813009933554,0.6697819694632224,0.14397503388352947,1.2314826224530329,1.1799752331463567
1,0,-0.6538502945238731,-0.20613534992284305,-0.810784054796004,0.571186317367446,-0.14130194274161448
1,0,1.1912650818984891,0.19813418210150666,-0.33340451045623726,-0.37924018237696017,0.11036990028466577
1,0,1.4406049976312414,1.4783210335118835,-0.16132583749655388,0.14099327011471438,-0.21994939368732705
1,0,-1.1525301259893779,-0.7451613926219632,1.1264887472339795,-1.3696846400053415,-1.3210137069273031
0,1,-1.102662142842816,-0.47564837127238396,3.90750213925983,-2.430160523930679,-1.1322598246575928
0,1,1.9392848290967462,2.084725331548408,-0.13912213775982055,0.11097980170173341,0.20474684141952085
1,0,0.3933773515536983,-0.2735136052602091,-0.22793693670675388,0.5811908068384392,-0.9592354325770253
1,0,-1.1525301259893779,-1.6884569673453949,-0.8884970038745706,0.3310785700635955,0.04745193952809571
1,0,-0.30477441249802545,-0.6777831372845589,0.6713129026309462,-1.159590361114473,0.4878776648240861
1,0,0.9419251661657366,-0.20613534992284305,0.998817473747763,-0.8094332296296918,-1.6985214714667234
0,0,0.49311331784679363,0.6024037141258181,-0.2445897115093039,-0.2691907981960295,-1.3682021774947306
0,1,-0.2050384462049018,0.4002689481136815,0.5214379294079962,-0.5793299717968351,0.6766315470937962
1,0,-0.5042463450842161,-0.07137883924807259,-0.9218025534796707,1.5716352644668208,1.463106056550922
0,0,1.2910010481916128,0.19813418210150666,1.0099193236161297,-1.2596352558244104,-0.45589174652446474
0,1,0.9917931493122984,0.33289069277627714,0.18838243335699617,-0.7894242506877039,0.5507956255806562
0,1,-0.1053024799118065,0.7371602248006268,-0.48327948367918727,0.4311234647735329,0.9283033901200766
0,0,-0.40451037879112073,-0.9472961586340998,-0.42777023433735395,1.5016038381698644,0.8653854293635065
1,0,0.7923212167261079,0.6024037141258181,0.46592868006616284,-0.589334461267829,-0.8176700208747426
1,0,-0.6039823113773113,-0.2735136052602091,2.0201876616374963,-1.7698642188450915,0.5822546059589412
1,0,-0.8034542439635303,-0.5430266266097884,0.8489425005248129,-1.0195275085205602,0.4564186844458011
1,0,0.6427172672864507,0.26551243743887276,-0.005899939339420535,-0.1591414140150981,1.368729115416067
1,0,-1.3021340754290351,-0.5430266266097884,0.24944260763301282,0.28105612270862673,1.2271637037137844
0,1,0.34350936840713653,0.535025458788452,-0.3889137597980706,0.6412177436644018,-0.5188097072810348
1,0,1.9392848290967462,2.0173470762110037,-0.727520180783254,0.7512671278453332,-0.5030802170918923
0,1,1.4406049976312414,1.613077544186654,-0.6553581566388706,0.601199785780427,1.5417535074966346
0,1,0.04430146952785062,1.0066732461501677,-1.0883303015051706,0.6212087647224147,-1.258095746170733
1,0,0.293641385260603,0.19813418210150666,2.114553385518613,-1.7698642188450915,1.8091548407120572
1,0,-1.102662142842816,-1.0820526693089085,0.8100860259855296,-1.159590361114473,1.1170572723897867
1,0,0.1440374358209459,0.7371602248006268,0.36601203125086285,-0.28919977713801653,0.8181969587960789
0,0,-0.5042463450842161,0.06337767142673618,0.08846578454169614,-0.13913243507311032,0.15755837085209332
0,1,0.04430146952785062,0.26551243743887276,-0.3278535855220539,-0.28919977713801653,-0.4873507269027498
0,1,-1.4517380248686638,-1.2841874353210452,-1.0383719770975206,0.44112795424452683,-1.6985214714667234
0,0,0.4432453347002318,0.8045384801379929,-0.11691843802308721,-0.49929405602888544,-0.2828673544438971
1,0,0.04430146952785062,-0.47564837127238396,0.4270722055268795,-0.7994287401586979,1.431647076172637
1,0,2.188624744829499,2.4216166082353534,0.16062780868607948,-0.08910998771814158,-1.6985214714667234
1,0,0.4432453347002318,0.4676472034510476,0.6602110527625795,-1.149585871643479,-1.415390648062158
1,0,-0.8034542439635303,-0.6104048819471545,1.4373405435482463,-1.0395364874625477,-0.42443276614617975
1,0,0.1440374358209459,1.2761862674997086,0.3882157309875962,-0.5993389507388229,1.0855982920115017
0,1,0.5429813009933554,0.8045384801379929,-0.8607423792036539,0.9413524277942142,-0.9435059423878827
0,1,0.34350936840713653,1.2088080121623426,-0.7330711057174373,0.24103816482465185,1.8248843309012
1,0,0.8920571830192031,0.8719167354753973,-0.3778119099297039,0.4211189753025398,0.6294430765263688
1,0,-0.5541143282307779,-0.9472961586340998,2.94164120071193,-2.1300258398008665,-1.2738252363598754
1,0,-1.5514739911617874,-1.48632220133322,-1.410283947687804,1.2114736435110458,-0.12557245255247196
1,0,-2.249625755213483,-2.5643742867314603,-0.5054831834159206,0.8913299804392455,-0.67610460917246
1,0,-0.3546423956445589,-0.6777831372845589,1.082081347760513,-0.9394915927526102,0.7238200176612238
1,0,-0.9031902102566255,-1.418943945995854,-0.6109507571654039,0.9413524277942142,0.5193366452023711
0,1,-0.15517046305836832,-0.2735136052602091,-0.02810363907615387,-0.08910998771814158,1.0698688018223592
0,1,-0.0055665136187112016,1.0066732461501677,-0.4888304086133706,0.9013344699102395,0.11036990028466577
1,0,0.5429813009933554,0.6697819694632224,-0.8940479288087539,1.1114287488011083,1.2900816644703543
1,0,-1.3520020585755685,-1.0820526693089085,-0.5443396579552039,0.34108305953458934,-1.4783086088187283
0,0,1.6899449133639939,1.2761862674997086,-0.02810363907615387,-0.6793748665067726,1.6046714682532046
1,0,-0.2549064293514636,-0.47564837127238396,2.4032014820961463,-2.0699989029749037,1.0855982920115017
1,0,0.49311331784679363,0.33289069277627714,-1.6156681702525875,2.141891164313464,-0.4873507269027498
1,0,-0.2050384462049018,-0.4082701159350179,-1.1549414007153707,0.6412177436644018,-1.446849628440443
1,0,-1.4018700417221304,-0.9472961586340998,0.1273222590809795,-0.6993838454487604,-0.37724429557875216
1,0,1.2910010481916128,1.4109427781745174,-0.20573323697002055,0.7312581489033454,0.9912213508766465
1,0,0.7424532335795461,0.8045384801379929,0.8933498999982796,-1.1195724032304977,-1.0850713540901653
0,1,-0.953058193403159,-0.6104048819471545,0.18283150842281282,-0.2491818192540417,0.28339429236523345
1,0,-0.1053024799118065,-0.4082701159350179,0.08846578454169614,-0.5193030349708732,0.22047633160866337
0,0,0.6427172672864507,0.26551243743887276,-0.005899939339420535,-0.1591414140150981,-0.67610460917246
0,1,-1.9005498731876351,-2.0253482440323403,3.2191874474210964,-2.1700437976848415,0.8024674686069364
1,0,0.6925852504329842,0.535025458788452,0.021854685331496135,-0.3092087560800043,-0.1727609231198995
1,0,-1.3520020585755685,-1.1494309246462746,3.602201267879747,-2.3001021608077603,-1.195177785414163
1,0,0.34350936840713653,0.535025458788452,0.8322897257222629,-1.1095679137595043,-0.12557245255247196
0,0,1.6899449133639939,1.2761862674997086,-0.760825730388354,1.001379364620177,-0.8491290012530276
0,1,0.49311331784679363,1.3435645228371131,-0.22238601177257056,-0.5393120139128602,1.5574829976857771
1,0,1.241133065045051,1.2761862674997086,0.07736393467332947,0.01093490699179592,1.2428931939029269
0,1,0.4432453347002318,0.6024037141258181,0.5380907042105462,-0.46928058761590447,0.7080905274720813
1,0,-0.8533222271100637,-1.0820526693089085,0.2994009320406628,-0.29920426660901045,1.0384098214440742
1,0,1.7896808796571175,1.613077544186654,-0.977311802821504,1.3115185382209833,-1.5884150401427257
1,0,-1.80081390689454,-1.7558352226827991,-0.7552748054541706,0.8413075330842767,-0.5974571582267474
1,0,0.2437734021140412,-0.13875709458543867,-0.9551081030847707,1.401558943459927,0.330582762932661
1,0,0.8421891998726413,-0.3408918605976135,-1.3381219235434207,2.5520752326242078,1.9035317818469124
1,0,0.49311331784679363,0.6024037141258181,-0.4943813335475539,0.591195296309433,-1.1479893148467355
1,0,0.34350936840713653,0.6024037141258181,-1.0161682773607874,2.53206625368222,-0.6603751189833175
0,0,-0.6039823113773113,-0.20613534992284305,-0.43332115927153725,1.5116083276408583,0.15755837085209332
0,1,-2.249625755213483,-2.6317525420688264,1.5705627419686463,-1.5697744294252165,0.881114919552649
0,1,-1.5514739911617874,-1.6884569673453949,-1.1493904757811872,1.1114287488011083,0.20474684141952085
1,0,-1.3520020585755685,-0.8799179032967337,-1.0383719770975206,1.381549964517939,-0.2671378642547546
1,0,1.1912650818984891,-0.0040005839106682,-0.6276035319679539,0.6612267226063896,-0.09411347217418692
1,0,0.8421891998726413,0.33289069277627714,-1.027270127229154,1.001379364620177,0.9597623704983616
0,1,0.5429813009933554,0.7371602248006268,-0.8607423792036539,0.25104265429564576,1.2114342135246419
0,1,-0.953058193403159,-0.8125396479593293,-0.5831961324944873,0.1810112279986892,-0.23567888387646954
1,0,0.09416945267438409,1.0740515014875722,-1.2048997251230207,1.0914197698591206,1.6833189191989173
1,0,1.839548862803651,1.7478340548614628,-0.4055665346006206,0.25104265429564576,1.1799752331463567
0,0,-0.8034542439635303,-0.47564837127238396,2.4698125813063463,-2.0800033924458976,0.3777712335000885
1,0,-0.40451037879112073,0.33289069277627714,-0.44997393407408726,0.41111448583154586,-0.2671378642547546
0,1,-0.6538502945238731,-0.07137883924807259,0.6380073530258462,-1.0895589348175165,1.368729115416067
1,0,0.1939054189674794,-0.20613534992284305,0.8100860259855296,-0.869460166455654,0.6923610372829389
1,0,-1.3021340754290351,-0.8799179032967337,-0.39446468473225393,0.6612267226063896,-0.21994939368732705
1,0,0.09416945267438409,-0.13875709458543867,-0.7663766553225373,0.9313479383232204,0.8653854293635065
1,0,-1.0029261765497208,-0.7451613926219632,-0.827436829598554,1.3915544539889328,-0.31432633482218214
0,0,-1.2522660922824733,-0.3408918605976135,0.7157203021044128,-1.2096128084694417,2.07655617392748
1,0,1.2910010481916128,0.535025458788452,-0.3833628348638872,0.1209842911727273,0.7552789980395088
1,0,0.5928492841398889,0.6697819694632224,0.40486850579014616,-0.7093883349197543,0.330582762932661
0,1,0.6925852504329842,0.8045384801379929,-0.35005728525878727,-0.3492267139639792,-1.3052842167381606
0,1,-1.0029261765497208,-0.8799179032967337,-0.8995988537429374,0.8513120225552707,1.1485162527680717
1,0,0.04430146952785062,0.8719167354753973,0.7601277015778796,-0.9695050611655915,0.6766315470937962
1,0,0.2437734021140412,-0.0040005839106682,-0.10026566322053722,0.5111593805414834,-0.3457853152004672
0,1,-0.0055665136187112016,-0.20613534992284305,0.6269055031574795,-1.1395813821724852,0.06318142971723822
1,0,-1.1525301259893779,-1.7558352226827991,0.5769471787498296,-0.3492267139639792,-0.8333995110638851
1,0,-1.2023981091359115,-0.3408918605976135,2.564178305187463,-1.949945029322979,1.7619663701446298
1,0,1.1912650818984891,1.0066732461501677,1.365178519403863,-1.5197519820702476,-0.9906944129553102
1,0,0.7424532335795461,0.4002689481136815,-0.11136751308890389,0.07096184381775855,1.5732124878749196
1,0,-1.0029261765497208,-1.6210787120079904,-1.4324876474245374,1.0814152803881265,0.22047633160866337
0,0,-1.3021340754290351,-0.47564837127238396,-0.9662099529531373,1.2414871119240267,-0.5030802170918923
1,0,1.241133065045051,1.0066732461501677,0.3549101813824962,-0.759410782274723,1.3529996252269245
1,0,0.9917931493122984,0.33289069277627714,0.6213545782232962,-0.9094781243396293,0.5979840961480837
1,0,0.04430146952785062,1.0066732461501677,3.7687290159052464,-2.3001021608077603,0.2362058217978059
0,1,-0.3546423956445589,-0.5430266266097884,-0.5498905828893873,-0.2491818192540417,0.04745193952809571
1,0,-0.9031902102566255,-0.4082701159350179,-0.511034108350104,0.7112491699613583,1.2114342135246419
1,0,0.09416945267438409,-0.0040005839106682,-0.2556915613776706,0.7312581489033454,1.006950841065789
0,1,-0.6538502945238731,-0.07137883924807259,-0.44997393407408726,0.02093939646278981,0.4564186844458011
0,1,-1.2023981091359115,-1.1494309246462746,-0.40001560966643723,-0.3292177350219914,-0.6289161386050324
1,0,-0.30477441249802545,-0.6104048819471545,-1.3048163739383207,1.0514018119751456,0.7080905274720813
1,0,0.04430146952785062,-0.4082701159350179,-0.4777285587450039,0.7612716173163271,-1.258095746170733
0,1,-0.7535862608169684,-0.47564837127238396,-0.22793693670675388,-0.5393120139128602,-0.9749649227661678
1,0,-1.3021340754290351,-0.6777831372845589,0.17172965855444616,-0.20916386137006684,0.7238200176612238
1,0,-0.0055665136187112016,-0.2735136052602091,-0.48327948367918727,0.601199785780427,-0.8963174718204552
1,0,-1.4018700417221304,-1.0820526693089085,-0.42777023433735395,1.1214332382721022,-0.09411347217418692
1,0,-1.3520020585755685,-0.9472961586340998,-0.15577491256237055,-0.42926262973192886,0.18901735123037833
1,0,0.6427172672864507,0.06337767142673618,-1.0217192022949706,1.361540985575952,1.3372701350377818
0,1,0.7424532335795461,-0.0040005839106682,-0.677561856375604,0.4611369331865146,-0.9277764521987402
0,0,-1.102662142842816,-1.8232134780201652,0.08846578454169614,-0.4192581402609357,1.2900816644703543
1,0,0.09416945267438409,1.0066732461501677,0.5547434790130962,-0.8894691453976414,-1.2109072756033055
0,0,1.4904729807778032,1.6804557995240583,0.8822480501299129,-0.9995185295785729,-0.2985968446330396
1,0,0.6925852504329842,0.8719167354753973,-0.7885803550592706,0.23103367535365796,-0.9435059423878827
1,0,0.1939054189674794,-0.3408918605976135,0.021854685331496135,-0.10911896666012935,-1.1165303344684503
1,0,0.2437734021140412,1.2761862674997086,0.948859149340113,-1.159590361114473,0.7867379784177939
1,0,0.1939054189674794,1.2088080121623426,4.00741878807513,-2.510196439698629,-1.619874020521011
1,0,0.6427172672864507,0.33289069277627714,-0.7386220306516207,0.7112491699613583,-0.3929737857678947
0,0,-0.6538502945238731,-0.13875709458543867,-0.6498072317046872,0.07096184381775855,-0.3615148053896097
0,1,-0.9031902102566255,-0.6777831372845589,-0.5443396579552039,0.4211189753025398,0.6137135863372263
0,1,-1.3021340754290351,-1.014674413971504,0.3382574065799462,0.2110246964116709,1.2900816644703543
1,0,0.1440374358209459,1.0066732461501677,0.7101693771702295,-1.1195724032304977,-0.8176700208747426
1,0,-1.3021340754290351,-0.9472961586340998,-0.4444230091399039,0.13098878064372046,1.3844586056052095
1,0,-0.40451037879112073,-1.0820526693089085,0.9544100742742962,-1.1095679137595043,1.400188095794352
0,1,0.293641385260603,-0.4082701159350179,-0.10026566322053722,-0.2791952876670227,-0.2828673544438971
1,0,-1.0029261765497208,-0.5430266266097884,-0.8940479288087539,0.9713658962071959,-0.21994939368732705
1,0,0.8920571830192031,0.33289069277627714,0.2994009320406628,-0.5092985454998793,0.4878776648240861
0,1,1.2910010481916128,0.33289069277627714,2.3643450075568633,-1.9799584977359603,-1.0693418639010228
0,1,-1.0029261765497208,-0.07137883924807259,-0.5221359582184706,0.5211638700124772,-0.8333995110638851
1,0,0.1939054189674794,0.8045384801379929,0.9211045246691962,-1.1295768927014918,-1.383931667683873
0,1,1.4406049976312414,1.545699288849288,-0.6276035319679539,0.4711414226575085,0.7710084882286514
1,0,0.5429813009933554,0.7371602248006268,1.4428914684824297,-1.829891155671054,1.5417535074966346
0,1,-1.0527941596962826,-1.7558352226827991,-0.5776452075603039,0.2910606121796206,-1.415390648062158
0,0,-0.0055665136187112016,-0.20613534992284305,-0.05585826374707054,0.24103816482465185,-0.015466021228474349
0,0,-1.3021340754290351,-0.8799179032967337,-0.6109507571654039,-0.2391773297830478,0.15755837085209332
0,0,-1.2023981091359115,-1.0820526693089085,0.9100026748008296,-0.8594556769846605,1.5260240173074922
0,1,-1.102662142842816,-1.7558352226827991,-1.160492325649554,1.1714556856270708,1.1799752331463567
1,0,-1.102662142842816,-1.014674413971504,0.12177133414679615,0.6312132541934079,1.3529996252269245
1,0,1.0915291156053937,-0.0040005839106682,-0.3112008107195039,0.8713210014972584,-1.383931667683873
0,1,0.293641385260603,-0.3408918605976135,0.0995676344100628,-0.6193479296808106,-0.37724429557875216
1,0,0.3933773515536983,0.4002689481136815,0.0662620848049628,-0.5493165033838542,0.7080905274720813
0,1,1.1912650818984891,1.2761862674997086,-1.2548580495306707,1.5716352644668208,-0.09411347217418692
1,0,-0.5541143282307779,-0.9472961586340998,1.2874655703252964,-1.5897834083672038,1.651859938820632
1,0,1.839548862803651,1.6804557995240583,0.7268221519727796,-1.389693618947329,0.4878776648240861
0,1,-0.5541143282307779,-0.7451613926219632,0.7767804763804296,-1.1295768927014918,1.1485162527680717
1,0,0.7923212167261079,0.4002689481136815,-0.6720109314414207,0.3911055068895581,0.330582762932661
1,0,-0.40451037879112073,-0.8799179032967337,-0.13912213775982055,0.1910157174696831,1.3844586056052095
0,1,1.6899449133639939,1.4783210335118835,0.12177133414679615,-0.17915039295708515,-0.9906944129553102
1,0,-0.40451037879112073,-0.6104048819471545,0.21613705802791283,-0.18915488242807907,0.01599295914981068
1,0,1.5902089470708984,1.0066732461501677,-0.14467306269400387,-0.20916386137006684,-1.6985214714667234
1,0,0.8421891998726413,0.4676472034510476,0.5658453288814629,-0.8094332296296918,1.3215406448486393
1,0,-1.0527941596962826,-1.6210787120079904,-1.3381219235434207,1.2715005803370083,0.3777712335000885
0,0,0.09416945267438409,0.9392949908127634,-0.18352953723328722,-0.389244671847954,0.5193366452023711
1,0,-0.6039823113773113,-0.20613534992284305,-0.18908046216747057,-0.09911447718913546,0.362041743310946
1,0,1.2910010481916128,1.0740515014875722,2.2977339083466632,-1.7598597293740978,1.1327867625789292
0,1,0.7424532335795461,0.26551243743887276,0.2994009320406628,-0.3192132455509982,-0.9120469620095977
1,0,-1.2023981091359115,-0.3408918605976135,0.1661787336202628,-0.37924018237696017,-0.7075635895507449
1,0,-0.6039823113773113,-0.2735136052602091,-0.08916381335217055,0.1910157174696831,0.8968444097417915
0,1,-1.4517380248686638,-1.0820526693089085,-0.6553581566388706,0.20102020694067702,0.8968444097417915
0,1,-0.9031902102566255,-0.4082701159350179,-0.727520180783254,0.6512222331353957,-0.5030802170918923
1,0,0.34350936840713653,1.4109427781745174,-0.15022398762818723,-0.3092087560800043,0.7080905274720813
0,1,-1.2522660922824733,-1.0820526693089085,0.8100860259855296,-1.189603829527454,-1.4625791186295858
0,1,-1.5016060080152256,-1.3515656906584494,-0.727520180783254,0.791285085729308,-0.8491290012530276
1,0,2.088888778536403,2.5563731189101238,-0.7663766553225373,1.3915544539889328,0.5350661353915137
1,0,1.1413970987519555,0.6024037141258181,0.4492759052636129,-0.9695050611655915,0.06318142971723822
0,0,1.3408690313381462,1.6804557995240583,-0.06696011361543722,-0.35923120343497306,-1.289554726549018
0,0,-0.6039823113773113,-0.13875709458543867,0.13287318401516282,-0.11912345613112324,-0.67610460917246
1,0,-0.2050384462049018,0.535025458788452,-0.810784054796004,0.991374875149183,-0.4716212367136073
1,0,0.6925852504329842,0.6024037141258181,-0.017001789207787204,-0.169145903486092,-1.5569560597644407
0,0,0.6925852504329842,0.7371602248006268,-0.5221359582184706,0.14099327011471438,0.5665251157697987
1,0,-1.2522660922824733,-0.4082701159350179,-0.23348786164093724,-0.4192581402609357,-1.0064239031444528
0,1,-1.3021340754290351,-0.47564837127238396,0.46037775513197954,-0.49929405602888544,0.2362058217978059
1,0,-0.40451037879112073,-0.6104048819471545,0.36601203125086285,-0.5693254823258419,-0.015466021228474349
1,0,0.34350936840713653,-0.3408918605976135,0.8100860259855296,-0.8894691453976414,-1.2738252363598754
0,1,0.8421891998726413,0.4002689481136815,-0.2612424863118539,0.2210291858826648,-0.3615148053896097
1,0,0.34350936840713653,0.4676472034510476,-0.1779786122991039,0.6112042752514208,1.5889419780640621
1,0,0.6925852504329842,0.06337767142673618,2.2089191093997296,-1.8198866662000601,1.5260240173074922
1,0,-0.2549064293514636,-0.0040005839106682,-0.8884970038745706,1.0413973225041517,-0.3615148053896097
0,1,-1.4018700417221304,-1.1494309246462746,-0.6109507571654039,0.20102020694067702,-1.6041445303318682
1,0,0.4432453347002318,1.815212310198829,-0.6831127813097873,0.38110101741856417,0.06318142971723822
1,0,-0.0055665136187112016,-0.2735136052602091,-0.9717608778873207,0.591195296309433,-1.446849628440443
1,0,0.1440374358209459,0.4676472034510476,-0.0003490144052372012,-0.7694152717457169,0.2362058217978059
0,1,1.7398128965105557,1.613077544186654,-1.227103424859754,1.4215679224019147,1.0855982920115017
1,0,-1.2522660922824733,-1.216809179983679,0.13287318401516282,-0.17915039295708515,-1.4625791186295858
1,0,-0.5042463450842161,0.13075592676410228,0.7934332511829796,-1.1195724032304977,-0.9277764521987402
1,0,0.4432453347002318,-0.20613534992284305,-0.4388720842057206,0.2110246964116709,1.1485162527680717
1,0,0.8421891998726413,0.8719167354753973,-1.060575676834254,1.1014242593301145,-0.33005582501132463
1,0,0.49311331784679363,0.6024037141258181,-0.2612424863118539,0.4611369331865146,-1.4625791186295858
0,1,0.49311331784679363,0.4676472034510476,-0.46662670887663726,0.6112042752514208,-0.07838398198504441
1,0,-0.8034542439635303,-0.4082701159350179,-0.8551914542694706,0.3210740805926023,0.17328786104123584
1,0,1.1413970987519555,0.06337767142673618,-0.14467306269400387,0.04094837540477688,-1.3524726873055881
1,0,0.9419251661657366,0.4676472034510476,-0.744172955585804,0.8813254909682516,-0.4716212367136073
0,0,1.4904729807778032,1.4783210335118835,0.4714796050003462,-1.1195724032304977,0.1418288806629508
1,0,-0.1053024799118065,-0.47564837127238396,-1.3325709986092373,2.5120572747402323,1.6361304486314896
0,1,0.49311331784679363,-0.2735136052602091,-0.7885803550592706,0.801289575200302,0.42495970406751604
1,0,-0.15517046305836832,-0.2735136052602091,0.07736393467332947,-0.3192132455509982,1.0384098214440742
1,0,-0.7037182776704066,-0.4082701159350179,-0.5498905828893873,0.8212985541422897,0.4406891942566586
1,0,0.2437734021140412,1.0066732461501677,0.6213545782232962,-0.3092087560800043,-0.67610460917246
0,1,1.839548862803651,1.3435645228371131,-0.760825730388354,0.8613165120262646,-0.5030802170918923
1,0,0.04430146952785062,0.9392949908127634,0.3604611063166795,-0.49929405602888544,1.3058111546594968
1,0,-1.0029261765497208,-0.6104048819471545,1.5594608921002797,-1.6398058557221726,0.18901735123037833
1,0,1.989152812243308,2.152103586885774,-0.6831127813097873,0.601199785780427,0.31485327274351843
0,1,0.3933773515536983,0.4676472034510476,0.18283150842281282,-0.37924018237696017,0.9283033901200766
1,0,0.1440374358209459,1.1414297568249383,1.565011817034463,-1.3696846400053415,1.4788355467400645
1,0,-1.4018700417221304,-1.1494309246462746,0.8544934254589962,-1.1996083189984479,1.2586226840920693
0,1,-1.2522660922824733,-1.3515656906584494,0.11622040921261281,-0.09911447718913546,0.5193366452023711
0,1,1.540340963924365,1.613077544186654,-0.8940479288087539,1.0113838540911708,-0.06265449179590189
1,0,-1.2023981091359115,-0.9472961586340998,-1.043922902031704,1.1014242593301145,-1.1165303344684503
0,1,1.0416611324588603,0.6697819694632224,0.9544100742742962,-1.1295768927014918,-0.3929737857678947
1,0,0.9917931493122984,0.4002689481136815,0.2438916826988295,-0.10911896666012935,-0.21994939368732705
0,1,0.7424532335795461,0.33289069277627714,1.3041183451278464,-1.4497205557732915,0.20474684141952085
0,1,-1.4018700417221304,-1.014674413971504,-0.9717608778873207,1.401558943459927,-1.0221533933335953
0,1,0.1440374358209459,1.2761862674997086,-0.6109507571654039,0.16100224905670216,1.1957047233354994
1,0,0.5429813009933554,0.8719167354753973,-1.5046496715689208,2.0018283117195517,-0.8648584914421701
1,0,0.7424532335795461,0.33289069277627714,-0.022552714141970538,-0.09911447718913546,1.5102945271183497
1,0,0.7424532335795461,0.33289069277627714,-0.8829460789403873,0.8713210014972584,0.8181969587960789
1,0,-1.3520020585755685,-0.8799179032967337,-0.2612424863118539,0.3610920384765771,1.2743521742812118
1,0,1.241133065045051,0.26551243743887276,2.3754468574252297,-1.9699540082649665,-0.9120469620095977
0,1,0.49311331784679363,0.6024037141258181,2.8195208521598967,-2.2100617555688165,1.1013277822006442
0,1,2.088888778536403,2.2868600975605444,-1.1660432505837373,1.4515813908148956,-0.5188097072810348
0,0,0.4432453347002318,0.4676472034510476,0.6491092028942129,-0.9294871032816167,1.4473765663617795
0,1,0.4432453347002318,0.26551243743887276,0.20503520815954615,0.04094837540477688,-0.25140837406561206
0,1,-0.6039823113773113,-0.0040005839106682,-0.2945480359169539,-0.1491369245441042,-0.8333995110638851
0,1,-0.6538502945238731,-0.3408918605976135,-0.21683508683838723,-0.11912345613112324,0.12609939047380828
1,0,0.1939054189674794,0.9392949908127634,0.07181300973914614,-1.1195724032304977,0.42495970406751604
0,1,-1.601341974308321,-1.418943945995854,1.6871321655864964,-1.4797340241862729,0.12609939047380828
0,1,0.3933773515536983,0.8045384801379929,-0.9662099529531373,1.1714556856270708,0.04745193952809571
1,0,1.1413970987519555,1.0066732461501677,0.14397503388352947,-0.4392671192029228,-1.0536123737118803
1,0,-0.8034542439635303,-1.3515656906584494,-0.07251103854962054,0.11097980170173341,0.849655939174364
0,1,0.1939054189674794,-0.13875709458543867,-1.0161682773607874,0.44112795424452683,0.4406891942566586
0,0,0.293641385260603,0.33289069277627714,-0.11136751308890389,-0.29920426660901045,-0.2671378642547546
1,0,-1.3021340754290351,-0.8125396479593293,-0.40001560966643723,-0.09911447718913546,0.31485327274351843
1,0,0.7923212167261079,0.4676472034510476,-0.2501406364434872,-0.04909202983416672,-1.3210137069273031
0,0,-1.0527941596962826,-1.418943945995854,-0.7386220306516207,1.8517609696546455,-0.23567888387646954
0,1,0.5928492841398889,1.545699288849288,0.0496093100024128,-0.169145903486092,-0.33005582501132463
0,0,0.293641385260603,-0.0040005839106682,-0.6664600065072372,0.24103816482465185,-0.2828673544438971
1,0,1.390737014484708,0.4002689481136815,2.647442179200213,-2.0099719661489415,1.431647076172637
0,1,1.2910010481916128,0.6697819694632224,-1.1660432505837373,0.8613165120262646,0.04745193952809571
1,0,1.839548862803651,1.545699288849288,0.3715629561850462,-0.25918630872503556,-0.07838398198504441
1,0,0.1939054189674794,0.33289069277627714,-0.760825730388354,1.4315724118729078,-1.0064239031444528
1,0,-0.15517046305836832,-0.5430266266097884,-0.33895543539042056,-0.11912345613112324,1.431647076172637
1,0,-1.7010779406014163,-1.3515656906584494,2.4365070317012463,-1.7698642188450915,1.5732124878749196
0,0,-0.8034542439635303,-1.2841874353210452,1.9535765624272965,-1.5297564715412415,0.7867379784177939
0,1,1.1413970987519555,0.8045384801379929,-0.744172955585804,0.771276106787321,-0.31432633482218214
1,0,-1.2522660922824733,-1.014674413971504,-0.05030733881288721,-0.1491369245441042,-0.23567888387646954
0,1,2.03902079538987,2.2194818422231783,-0.2501406364434872,-0.09911447718913546,-0.9277764521987402
0,0,0.34350936840713653,0.13075592676410228,-0.9717608778873207,2.53206625368222,1.5732124878749196
1,0,-0.7037182776704066,-0.2735136052602091,-0.37226098499552057,-0.08910998771814158,-1.4783086088187283
1,0,-1.601341974308321,-1.418943945995854,-0.6997655561123373,0.6512222331353957,0.20474684141952085
0,0,-0.0055665136187112016,-0.2735136052602091,0.49923422967126285,-0.7694152717457169,-0.2985968446330396
1,0,-1.0029261765497208,-1.2841874353210452,1.5539099671660963,-1.6598148346641604,-0.4716212367136073
1,0,-1.4517380248686638,-1.48632220133322,-0.7386220306516207,2.0418462696035267,0.39350072368923106
0,1,-1.3021340754290351,-0.9472961586340998,-0.3889137597980706,0.2610471437666396,-0.44016225633532224
1,0,1.2910010481916128,0.6697819694632224,0.3937666559217795,-0.07910549824714767,0.6923610372829389
1,0,-1.0029261765497208,-0.5430266266097884,-0.44997393407408726,-0.019078561421185754,-0.33005582501132463
1,0,1.1912650818984891,0.535025458788452,0.8156369509197129,-1.1195724032304977,0.6609020569046538
0,1,-0.5042463450842161,0.19813418210150666,0.005201910528946133,-0.18915488242807907,1.1642457429572142
1,0,-0.8533222271100637,-0.2735136052602091,-0.660909081573054,0.41111448583154586,1.400188095794352
1,0,1.540340963924365,1.9499688208735992,-0.15577491256237055,0.01093490699179592,-0.015466021228474349
0,1,-0.9031902102566255,-1.3515656906584494,0.2105861330937295,-0.4092536507899418,0.6766315470937962
0,1,1.4904729807778032,0.8045384801379929,0.2938500071064795,-0.10911896666012935,1.2586226840920693
1,0,0.6925852504329842,0.8719167354753973,4.351576133994497,-2.4101515449886914,-0.9120469620095977
0,1,-1.0527941596962826,-0.6777831372845589,-0.05030733881288721,0.09097082275974562,-1.0378828835227378
0,1,-0.40451037879112073,-1.1494309246462746,-0.9717608778873207,1.181460175098064,-0.06265449179590189
0,1,-1.6512099574548829,-1.48632220133322,-1.560158920910754,2.9022323641089893,-0.04692500160675938
1,0,-0.8034542439635303,-0.5430266266097884,0.3937666559217795,-0.759410782274723,1.3529996252269245
1,0,0.2437734021140412,1.2761862674997086,0.20503520815954615,-0.8894691453976414,0.6451725667155113
0,0,-0.6538502945238731,-0.9472961586340998,-0.22238601177257056,0.35108754900558325,-0.37724429557875216
0,0,1.0915291156053937,1.2761862674997086,0.3216046317773962,-0.4192581402609357,0.8181969587960789
1,0,0.1440374358209459,-0.6104048819471545,0.8877989750640962,-0.9695050611655915,1.1013277822006442
1,0,-0.2050384462049018,0.4676472034510476,-0.810784054796004,1.2114736435110458,0.03172244933895319
1,0,-0.0055665136187112016,-0.3408918605976135,0.5658453288814629,-0.9895140401075789,-1.1479893148467355
1,0,-0.5042463450842161,0.19813418210150666,-0.2112841619042039,0.3010651016506145,-0.2671378642547546
0,0,0.9917931493122984,0.4002689481136815,-1.0716775267026206,1.4715903697568833,1.3844586056052095
1,0,-1.3520020585755685,-1.1494309246462746,4.545858506690913,-2.510196439698629,-0.9277764521987402
0,1,-0.5042463450842161,-0.7451613926219632,-0.07251103854962054,0.11097980170173341,-1.383931667683873
0,1,-1.0029261765497208,-0.6777831372845589,-0.810784054796004,1.5916442434088078,-0.45589174652446474
1,0,-0.7535862608169684,-0.4082701159350179,2.064595061110963,-1.8499001346130415,0.881114919552649
1,0,0.6925852504329842,0.535025458788452,0.8822480501299129,-1.0395364874625477,-0.14130194274161448
1,0,0.1939054189674794,-0.2735136052602091,-0.017001789207787204,-0.5493165033838542,0.7238200176612238
1,0,-0.0055665136187112016,1.0066732461501677,0.7046184522360462,-0.7994287401586979,0.31485327274351843
0,1,-0.15517046305836832,-0.7451613926219632,-0.33895543539042056,0.10097531223073951,-0.33005582501132463
1,0,0.5429813009933554,-0.2735136052602091,-0.20573323697002055,0.8913299804392455,0.8181969587960789
1,0,-2.199757772066921,-2.6317525420688264,-0.927353478413854,1.561630774995827,1.6833189191989173
1,0,-0.8533222271100637,-0.7451613926219632,-1.060575676834254,1.551626285524833,-0.09411347217418692
1,0,0.9419251661657366,0.6697819694632224,0.7212712270385963,-0.7794197612167101,1.3058111546594968
1,0,0.09416945267438409,0.9392949908127634,-0.5887470574286706,-0.20916386137006684,-1.1322598246575928
0,1,-1.0029261765497208,-1.216809179983679,3.0582106243297797,-2.1000123713878853,0.5507956255806562
1,0,0.4432453347002318,0.4676472034510476,-0.9995155025582373,0.601199785780427,0.6766315470937962
1,0,1.241133065045051,1.2761862674997086,-0.7663766553225373,0.4911504015994956,1.494565036929207
1,0,0.293641385260603,-0.07137883924807259,-0.6165016820995873,0.8813254909682516,0.01599295914981068
1,0,1.7398128965105557,1.545699288849288,2.25887743380738,-1.8899180924970163,0.06318142971723822
1,0,-0.40451037879112073,-0.6777831372845589,0.42152128059269617,-0.6293524191518038,1.3372701350377818
1,0,-0.2050384462049018,0.6024037141258181,-0.03365456401033721,-0.8194377191006853,-0.2671378642547546
0,1,-1.5514739911617874,-1.2841874353210452,-1.010617352426604,0.1810112279986892,0.29912378255437594
1,0,-1.0527941596962826,-0.5430266266097884,-0.33895543539042056,-0.029083050892178934,-1.5412265695752982
1,0,0.5429813009933554,0.13075592676410228,-0.23903878657512057,0.34108305953458934,-0.8491290012530276
0,1,-0.15517046305836832,0.4002689481136815,0.18283150842281282,-0.19915937189907296,0.4878776648240861
0,1,-0.7535862608169684,-0.5430266266097884,1.0099193236161297,-1.0595454664045354,0.975491860687504
0,0,1.7398128965105557,1.1414297568249383,0.24944260763301282,-0.7293973138617413,0.5507956255806562
1,0,-0.9031902102566255,-1.216809179983679,-0.4055665346006206,0.24103816482465185,0.881114919552649
1,0,1.5902089470708984,0.8045384801379929,-0.7497238805199873,1.0914197698591206,-1.2109072756033055
0,1,-1.2522660922824733,-1.3515656906584494,-0.6053998322312206,0.45113244371552075,1.1013277822006442
0,1,-0.9031902102566255,-0.6777831372845589,-0.7164183309148873,0.7612716173163271,-0.5030802170918923
1,0,0.3933773515536983,1.4109427781745174,-0.15022398762818723,-0.28919977713801653,0.9597623704983616
1,0,-1.3520020585755685,-1.3515656906584494,-0.511034108350104,0.9013344699102395,-0.73902256992903
1,0,1.0915291156053937,1.0066732461501677,0.27164630736974615,-0.9394915927526102,-1.0850713540901653
1,0,-0.7037182776704066,-0.2735136052602091,-0.827436829598554,1.0313928330331579,1.3844586056052095
1,0,-0.3546423956445589,-0.7451613926219632,-0.9051497786771207,2.031841780132533,0.8653854293635065
0,1,0.6925852504329842,0.4002689481136815,0.14397503388352947,-0.389244671847954,0.03172244933895319
1,0,0.9419251661657366,-0.13875709458543867,-0.1779786122991039,0.4711414226575085,0.362041743310946
1,0,0.1440374358209459,1.0066732461501677,0.07181300973914614,-0.10911896666012935,-1.3367431971164456
1,0,-0.4543783619376542,0.06337767142673618,-0.9218025534796707,1.561630774995827,0.0002634689606681657
0,1,-1.3520020585755685,-1.014674413971504,-0.10581658815472055,0.24103816482465185,0.9912213508766465
0,0,-1.5514739911617874,-1.3515656906584494,-0.6831127813097873,0.6912401910193705,-0.04692500160675938
1,0,-0.2549064293514636,-0.6104048819471545,-0.6886637062439707,0.9213434488522272,-1.5726855499535832
0,1,1.989152812243308,2.0173470762110037,-0.4721776338108206,0.6812357015483766,-1.226636765792448
1,0,1.5902089470708984,1.0066732461501677,-0.1779786122991039,-0.07910549824714767,1.8406138210903424
1,0,0.8421891998726413,0.8045384801379929,0.2771972323039295,-0.20916386137006684,-0.5188097072810348
1,0,-1.601341974308321,-1.418943945995854,0.8822480501299129,-0.9194826138106228,-0.9435059423878827
1,0,0.7424532335795461,0.4002689481136815,-0.8052331298618206,0.6512222331353957,1.5417535074966346
1,0,1.8894168459502128,1.6804557995240583,-0.927353478413854,0.571186317367446,1.1327867625789292
1,0,-0.0055665136187112016,-0.6104048819471545,-0.41111745953480394,0.060957354346764664,-1.5569560597644407
1,0,0.5928492841398889,0.4002689481136815,-0.8329877545327373,0.5311683594834704,-0.6918340993616025
1,0,-1.2522660922824733,-1.1494309246462746,-0.5776452075603039,0.03094388593378299,1.400188095794352
0,1,0.1939054189674794,-0.07137883924807259,-0.6886637062439707,-0.8194377191006853,1.3215406448486393
1,0,-0.7037182776704066,-0.20613534992284305,-1.0161682773607874,1.401558943459927,-1.6041445303318682
1,0,0.5928492841398889,0.4002689481136815,-0.7219692558490707,1.0914197698591206,-0.6603751189833175
0,0,-0.6039823113773113,-0.13875709458543867,-0.2723443361802206,-0.4092536507899418,0.9912213508766465
0,1,-0.8034542439635303,-0.5430266266097884,-0.2667934112460372,1.1214332382721022,-1.4940380990078708
0,1,-0.6538502945238731,-0.13875709458543867,0.17172965855444616,0.2110246964116709,1.4473765663617795
1,0,-0.30477441249802545,-0.6777831372845589,-0.1779786122991039,0.10097531223073951,1.651859938820632
1,0,-1.5016060080152256,-1.2841874353210452,-0.011450864273603869,-0.09911447718913546,-0.07838398198504441
1,0,-0.5541143282307779,0.06337767142673618,-0.08916381335217055,-0.08910998771814158,-0.8648584914421701
1,0,0.34350936840713653,0.4002689481136815,-0.7330711057174373,0.05095286487577077,-0.33005582501132463
0,1,-0.1053024799118065,0.7371602248006268,0.1273222590809795,-0.42926262973192886,0.975491860687504
0,0,-1.0527941596962826,-1.3515656906584494,1.448442393416613,-1.5197519820702476,-1.0064239031444528
1,0,0.49311331784679363,0.8719167354753973,-0.37226098499552057,-0.46928058761590447,-0.5502686876593198
1,0,0.34350936840713653,0.06337767142673618,-1.543506146108204,1.6616756697057644,-0.15703143293075697
1,0,-0.5042463450842161,-0.4082701159350179,-0.6664600065072372,0.8313030436132829,-0.2671378642547546
0,1,-1.0029261765497208,-0.9472961586340998,-0.4777285587450039,0.41111448583154586,0.8968444097417915
0,1,1.989152812243308,2.152103586885774,-0.5665433576919373,1.3915544539889328,-1.5884150401427257
1,0,-1.1525301259893779,-1.7558352226827991,1.248609095786013,-1.0995634242885104,0.4878776648240861
1,0,0.9419251661657366,0.6697819694632224,-1.3880802479510708,1.4915993486988703,0.31485327274351843
0,1,1.3408690313381462,0.7371602248006268,-1.3436728484776042,2.0718597380165082,0.2676648021760909
1,0,1.390737014484708,0.4002689481136815,0.7323730769069628,-0.9494960822236042,1.463106056550922
1,0,-0.8533222271100637,-0.6104048819471545,-0.7552748054541706,0.5111593805414834,0.47214817463494363
0,1,-0.0055665136187112016,-0.6104048819471545,-0.4222193094031706,0.571186317367446,-1.5254970793861558
1,0,-0.5042463450842161,-0.8799179032967337,0.9266554496033795,-1.1395813821724852,1.5417535074966346
1,0,-0.8034542439635303,-1.418943945995854,-0.5165850332842873,0.5311683594834704,-1.3367431971164456
1,0,-0.6039823113773113,-0.6777831372845589,1.6094192165079297,-1.7098372820191292,1.006950841065789
0,1,1.7398128965105557,1.815212310198829,-0.660909081573054,0.9113389593812333,-1.0378828835227378
0,0,-1.0029261765497208,-0.8799179032967337,-0.017001789207787204,-0.03908754036317282,-0.14130194274161448
1,0,-1.5514739911617874,-1.3515656906584494,-0.10026566322053722,-0.5493165033838542,-0.37724429557875216
1,0,0.6427172672864507,0.26551243743887276,-0.4444230091399039,0.4711414226575085,-0.25140837406561206
1,0,0.1939054189674794,0.7371602248006268,-0.744172955585804,1.4115634329309208,1.3372701350377818
1,0,0.7923212167261079,0.33289069277627714,1.498400717824263,-1.4497205557732915,-1.0693418639010228
1,0,0.09416945267438409,-0.20613534992284305,0.6491092028942129,-0.5693254823258419,0.18901735123037833
0,1,0.04430146952785062,-0.47564837127238396,-0.5332378080868373,1.0313928330331579,1.3844586056052095
0,1,-0.4543783619376542,0.26551243743887276,-0.08361288841798721,1.1414422172140892,-0.6603751189833175
1,0,1.6400769302174603,0.9392949908127634,-0.23348786164093724,0.601199785780427,1.982179232792625
1,0,0.1939054189674794,-0.20613534992284305,-1.2493071245964873,1.0213883435621647,1.1170572723897867
0,1,1.540340963924365,0.9392949908127634,1.6205210663762963,-1.669819324135154,0.8339264489852214
0,0,-0.8034542439635303,-1.216809179983679,2.4864653561088965,-2.0199764556199353,1.4159175859834945
1,0,-1.0527941596962826,-1.6210787120079904,0.2771972323039295,-0.21916835084106073,0.18901735123037833
1,0,1.8894168459502128,2.084725331548408,1.831456213875263,-1.4197070873603101,1.620400958442347
0,1,0.3933773515536983,0.19813418210150666,-0.07251103854962054,-0.369235692905967,1.5260240173074922
1,0,-0.953058193403159,-1.3515656906584494,0.8766971251957296,-0.8994736348686354,0.881114919552649
1,0,-0.9031902102566255,-1.216809179983679,2.49201628104308,-1.8599046240840353,-1.0536123737118803
0,1,0.04430146952785062,-0.5430266266097884,-0.5609924327577539,1.1014242593301145,1.620400958442347
0,1,-0.6039823113773113,-0.20613534992284305,3.1026180238032466,-2.1000123713878853,0.39350072368923106
1,0,-0.6039823113773113,-0.13875709458543867,0.5269888543421796,-0.6393569086227977,-1.2738252363598754
0,1,-0.1053024799118065,0.33289069277627714,-0.910700703611304,1.3915544539889328,0.03172244933895319
1,0,0.49311331784679363,0.7371602248006268,0.42152128059269617,-0.4392671192029228,0.7867379784177939
0,1,0.9917931493122984,0.8045384801379929,-0.6720109314414207,0.9513569172652081,-1.4311201382513006
1,0,-0.30477441249802545,-0.6777831372845589,0.4104194307243295,-0.7794197612167101,1.1013277822006442
1,0,-1.1525301259893779,-0.6777831372845589,-0.1779786122991039,-0.17915039295708515,-0.21994939368732705
1,0,0.7424532335795461,0.33289069277627714,-0.5776452075603039,0.4611369331865146,0.42495970406751604
1,0,-0.2050384462049018,0.6697819694632224,0.08291485960751281,-0.369235692905967,-0.7232930797398875
0,0,-1.0527941596962826,-1.6210787120079904,-0.6720109314414207,0.3010651016506145,1.5574829976857771
1,0,-0.055434496765273025,0.19813418210150666,0.5491925540789129,-1.0895589348175165,0.6923610372829389
1,0,-1.0029261765497208,-1.1494309246462746,0.6824147524993129,-0.7293973138617413,-1.6985214714667234
0,1,-1.3021340754290351,-1.0820526693089085,-0.12246936295727055,0.10097531223073951,-1.415390648062158
0,1,0.34350936840713653,-0.20613534992284305,-0.7885803550592706,1.1314377277430954,0.7395495078503663
0,0,-0.7037182776704066,-0.4082701159350179,-0.9828627277556873,0.5311683594834704,-0.8176700208747426
1,0,-0.40451037879112073,-1.014674413971504,-0.8940479288087539,1.3415320066339642,-0.12557245255247196
1,0,1.0416611324588603,0.06337767142673618,0.021854685331496135,-0.4192581402609357,0.881114919552649
1,0,0.3933773515536983,-0.07137883924807259,-1.2604089744648541,2.53206625368222,1.3215406448486393
1,0,1.7896808796571175,1.2088080121623426,0.15507688375189616,-0.8294422085716792,-0.1727609231198995
1,0,0.49311331784679363,0.6024037141258181,-0.6165016820995873,0.5311683594834704,-0.9592354325770253
1,0,-0.055434496765273025,0.6024037141258181,-1.3714274731485208,1.1114287488011083,1.0226803312549315
0,1,0.09416945267438409,0.6697819694632224,4.612469605901113,-2.5302054186406164,0.5665251157697987
0,1,-0.1053024799118065,-0.6104048819471545,-1.0217192022949706,1.6716801591767583,-1.5884150401427257
1,0,-1.0527941596962826,-1.6210787120079904,-1.0827793765709874,1.4315724118729078,0.6766315470937962
1,0,-0.5042463450842161,-0.8799179032967337,-0.794131279993454,0.8613165120262646,-1.6985214714667234
0,0,-1.1525301259893779,-0.47564837127238396,-0.7719275802567206,0.8913299804392455,0.6137135863372263
1,0,-0.5042463450842161,0.06337767142673618,-0.044756413878703875,-0.39924916131894794,-0.8019405306856001
1,0,-0.953058193403159,-0.8799179032967337,0.7323730769069628,-1.1195724032304977,-1.0536123737118803
0,1,0.6427172672864507,0.7371602248006268,-0.5609924327577539,0.3010651016506145,0.4564186844458011
0,1,0.04430146952785062,0.7371602248006268,0.4270722055268795,-0.4792850770868976,1.1799752331463567
0,1,-0.8533222271100637,-0.6104048819471545,-0.28344618604858723,0.060957354346764664,1.0698688018223592
0,1,0.09416945267438409,1.0740515014875722,-0.6886637062439707,1.581639753937814,-0.4087032759570372
1,0,0.2437734021140412,-0.20613534992284305,-0.8607423792036539,0.8613165120262646,0.5193366452023711
0,1,-0.40451037879112073,-0.6777831372845589,1.898067313085463,-1.6097923873091917,0.4564186844458011
1,0,0.7923212167261079,0.33289069277627714,-0.7885803550592706,0.9413524277942142,-0.06265449179590189
0,1,0.04430146952785062,0.8719167354753973,1.1597942968390795,-1.3396711715923602,-1.0378828835227378
0,1,0.3933773515536983,0.8719167354753973,-0.41111745953480394,0.3210740805926023,0.07891091990638074
0,1,1.3408690313381462,1.4109427781745174,-0.8940479288087539,0.6912401910193705,1.0698688018223592
0,0,-0.8034542439635303,-0.47564837127238396,0.8600443503931796,-0.9094781243396293,0.04745193952809571
1,0,0.3933773515536983,0.06337767142673618,-0.744172955585804,2.121882185371477,1.2743521742812118
0,1,0.2437734021140412,1.0740515014875722,0.6602110527625795,-0.959500571694598,0.975491860687504
0,1,-0.40451037879112073,-0.7451613926219632,0.18838243335699617,-0.25918630872503556,1.6361304486314896
1,0,-1.3021340754290351,-1.2841874353210452,-1.060575676834254,1.7417115854737142,-0.6603751189833175
0,1,1.4406049976312414,1.4783210335118835,1.1431415220365295,-1.4497205557732915,-0.15703143293075697
1,0,0.6925852504329842,0.19813418210150666,-0.2612424863118539,0.14099327011471438,1.368729115416067
0,1,-1.3021340754290351,-1.1494309246462746,-0.022552714141970538,-0.5393120139128602,-0.8963174718204552
0,1,-0.4543783619376542,0.4002689481136815,-0.4999322584817373,0.3210740805926023,-0.44016225633532224
0,0,-1.3021340754290351,-0.8799179032967337,-1.1993488001888373,1.1114287488011083,0.34631225312180347
1,0,-0.3546423956445589,-0.8125396479593293,-1.0994321513735374,0.771276106787321,1.431647076172637
0,1,-1.9504178563341688,-1.9579699886949358,-0.30009896085113724,-0.39924916131894794,0.9597623704983616
1,0,0.1440374358209459,1.2088080121623426,-0.6720109314414207,0.591195296309433,-0.8648584914421701
0,1,-0.953058193403159,-0.8125396479593293,-0.5887470574286706,0.8212985541422897,-0.7232930797398875
1,0,0.8421891998726413,0.7371602248006268,0.5824981036840129,-0.7193928243907481,1.5417535074966346
0,0,-1.5514739911617874,-1.418943945995854,0.04405838506822947,-0.7394018033327352,-0.45589174652446474
1,0,0.2437734021140412,0.535025458788452,-0.16687676243073724,-0.6993838454487604,0.7080905274720813
1,0,0.2437734021140412,1.2761862674997086,-1.0494738269658874,1.1714556856270708,-1.415390648062158
0,1,-0.6039823113773113,0.19813418210150666,-0.960659028018954,1.9017834170096144,-0.21994939368732705
1,0,1.1912650818984891,0.6697819694632224,0.3937666559217795,-0.6893793559777665,0.8339264489852214
1,0,1.2910010481916128,1.4109427781745174,-0.5554415078235706,1.2314826224530329,-1.1479893148467355
1,0,-0.8533222271100637,-0.7451613926219632,0.9377572994717462,-1.1996083189984479,-1.0378828835227378
0,1,-1.2023981091359115,-1.014674413971504,-0.5332378080868373,-0.17915039295708515,-0.3615148053896097
1,0,1.7398128965105557,1.3435645228371131,-0.960659028018954,1.4515813908148956,-1.226636765792448
0,1,1.241133065045051,0.19813418210150666,-0.710867405980704,0.9513569172652081,0.03172244933895319
0,1,0.7923212167261079,0.4676472034510476,-0.4555248590082706,0.7812805962583141,-1.5884150401427257
1,0,-0.30477441249802545,-0.6104048819471545,0.7268221519727796,-0.4092536507899418,-0.6289161386050324
0,1,-0.6039823113773113,-0.07137883924807259,-0.6886637062439707,1.3215230276919772,1.3529996252269245
1,0,-0.40451037879112073,0.4002689481136815,0.15507688375189616,-0.1591414140150981,1.006950841065789
0,1,0.3933773515536983,1.4783210335118835,0.6935166023676795,-1.429711576831304,0.6609020569046538
1,0,0.2437734021140412,1.0740515014875722,1.1375905971023463,-1.3196621926503727,-0.21994939368732705
1,0,1.1912650818984891,0.13075592676410228,0.21613705802791283,-0.8794646559266479,0.4878776648240861
1,0,1.7896808796571175,1.1414297568249383,-0.2667934112460372,-0.019078561421185754,-0.25140837406561206
0,1,-0.0055665136187112016,-0.2735136052602091,-0.2667934112460372,0.20102020694067702,-1.2423662559815905
1,0,-0.953058193403159,-1.0820526693089085,-0.5720942826261206,0.6712312120773835,-0.07838398198504441
1,0,-0.4543783619376542,-1.014674413971504,0.8322897257222629,-0.7894242506877039,1.3215406448486393
0,0,0.3933773515536983,1.4109427781745174,-0.06696011361543722,-0.4892895665578915,0.881114919552649
1,0,-0.5541143282307779,-0.3408918605976135,0.5880490286181962,-0.8894691453976414,0.9597623704983616
0,1,-0.2549064293514636,0.4676472034510476,-0.6387053818363206,0.13098878064372046,-0.10984296236332944
0,1,1.6899449133639939,1.7478340548614628,6.477580383786714,-3.02042540271931,-0.67610460917246
1,0,0.6427172672864507,0.535025458788452,-0.6165016820995873,1.5216128171118521,-0.31432633482218214
1,0,-0.953058193403159,-1.5537004566706243,-0.33340451045623726,0.5011548910704895,0.4406891942566586
0,0,-1.0029261765497208,-1.3515656906584494,-0.10581658815472055,-0.03908754036317282,-0.8963174718204552
0,1,-1.3021340754290351,-1.1494309246462746,-0.5276868831526539,0.401109996360552,-1.415390648062158
0,1,0.7424532335795461,0.7371602248006268,-0.1779786122991039,-0.13913243507311032,0.6451725667155113
0,1,-1.2522660922824733,-1.014674413971504,0.6824147524993129,-0.9695050611655915,-1.289554726549018
1,0,0.6925852504329842,0.4676472034510476,-0.6165016820995873,1.3715454750469458,1.0698688018223592
1,0,-0.9031902102566255,-1.48632220133322,-0.8385386794669206,0.8613165120262646,-0.5030802170918923
1,0,0.5429813009933554,0.8045384801379929,1.3041183451278464,-1.0395364874625477,1.2271637037137844
0,1,1.0915291156053937,0.9392949908127634,-0.5942979823628539,0.5311683594834704,-1.1794482952250205
0,1,2.03902079538987,2.152103586885774,0.2605444575013795,0.11097980170173341,0.330582762932661
1,0,1.1912650818984891,0.13075592676410228,-0.0003490144052372012,-0.2291728403120539,-1.2423662559815905
1,0,0.9917931493122984,0.7371602248006268,0.5325397792763629,-0.39924916131894794,-1.3367431971164456
1,0,0.2437734021140412,-0.0040005839106682,-0.4888304086133706,0.8613165120262646,1.5732124878749196
0,1,-1.0527941596962826,-1.2841874353210452,0.4881323798028962,-0.8594556769846605,1.5889419780640621
0,0,-0.8533222271100637,-0.47564837127238396,-0.05585826374707054,0.17100673852769604,-1.619874020521011
1,0,1.1413970987519555,0.6024037141258181,0.3160537068432128,-0.6493613980937917,-0.06265449179590189
1,0,-1.9005498731876351,-2.1601047547071106,-0.8329877545327373,1.3315275171629704,0.3777712335000885
1,0,1.5902089470708984,1.7478340548614628,0.3438083315141295,-0.46928058761590447,0.6294430765263688
0,1,-0.9031902102566255,-0.6777831372845589,-0.6997655561123373,0.791285085729308,-0.1727609231198995
1,0,0.09416945267438409,-0.4082701159350179,-0.07251103854962054,-0.46928058761590447,-0.9749649227661678
0,0,-0.15517046305836832,-0.5430266266097884,0.18283150842281282,-0.7193928243907481,0.5350661353915137
1,0,-1.1525301259893779,-0.8125396479593293,-1.027270127229154,1.0213883435621647,-0.07838398198504441
1,0,-1.2522660922824733,-0.8125396479593293,0.3549101813824962,-0.3292177350219914,1.1957047233354994
1,0,1.1912650818984891,1.1414297568249383,-0.2445897115093039,-0.3192132455509982,1.6833189191989173
1,0,0.9917931493122984,0.26551243743887276,1.9757802621640297,-1.6798238136061479,0.8339264489852214
0,1,1.2910010481916128,0.26551243743887276,0.02740561026567947,-0.4892895665578915,-1.3052842167381606
0,1,1.0915291156053937,0.8719167354753973,-0.10026566322053722,0.060957354346764664,-0.8805879816313127
1,0,0.7424532335795461,0.6024037141258181,-1.227103424859754,1.0614063014461395,-1.5254970793861558
0,1,0.8421891998726413,0.33289069277627714,0.47703052993452955,-0.4092536507899418,0.20474684141952085
1,0,-1.3520020585755685,-1.014674413971504,1.248609095786013,-0.9194826138106228,0.6294430765263688
1,0,-0.40451037879112073,-1.0820526693089085,-0.5831961324944873,0.6812357015483766,-1.6670624910884384
1,0,-0.15517046305836832,-0.2735136052602091,-1.210450650057204,1.3415320066339642,0.912573899930934
0,1,0.9917931493122984,0.33289069277627714,-0.6331544569021372,0.4711414226575085,-0.5030802170918923
1,0,1.6400769302174603,0.8719167354753973,-1.0494738269658874,0.8112940646712958,-1.195177785414163
1,0,0.5429813009933554,0.535025458788452,-0.10026566322053722,0.10097531223073951,-0.14130194274161448
0,1,1.1413970987519555,0.8045384801379929,-0.5942979823628539,0.27105163323763354,-0.6289161386050324
1,0,-1.2023981091359115,-0.6104048819471545,-0.20018231203583722,-0.10911896666012935,0.7710084882286514
0,0,-1.0029261765497208,-0.5430266266097884,-0.10581658815472055,-0.20916386137006684,-0.2985968446330396
1,0,-0.8034542439635303,-1.216809179983679,-0.9717608778873207,0.591195296309433,-0.7075635895507449
0,1,-0.6538502945238731,-0.0040005839106682,-0.11136751308890389,-0.18915488242807907,1.4159175859834945
1,0,0.1939054189674794,0.8719167354753973,0.5547434790130962,-0.5393120139128602,-1.3210137069273031
0,1,-0.8533222271100637,-0.3408918605976135,0.021854685331496135,0.991374875149183,1.431647076172637
1,0,-0.9031902102566255,-1.418943945995854,1.7093358653232298,-1.6398058557221726,-0.6131866484158899
0,0,-0.3546423956445589,0.26551243743887276,0.0496093100024128,0.16100224905670216,-1.3052842167381606
0,1,0.4432453347002318,0.9392949908127634,-0.03920548894452054,0.15099775958570827,0.28339429236523345
1,0,0.3933773515536983,1.7478340548614628,-0.6498072317046872,1.001379364620177,0.1418288806629508
1,0,0.04430146952785062,0.33289069277627714,-1.0161682773607874,0.5811908068384392,0.28339429236523345
1,0,0.49311331784679363,1.4783210335118835,-1.526853371305654,1.9017834170096144,-0.8019405306856001
1,0,-0.15517046305836832,-0.47564837127238396,-0.660909081573054,0.41111448583154586,-0.7547520601181725
0,1,0.34350936840713653,0.6697819694632224,0.11066948427842949,0.28105612270862673,0.20474684141952085
1,0,-2.0501538226272924,-2.294861265381881,-0.7053164810465207,0.10097531223073951,0.01599295914981068
1,0,-0.9031902102566255,-1.2841874353210452,-1.2937145240699541,1.8317519907126578,-1.1479893148467355
1,0,0.1440374358209459,0.26551243743887276,0.7379240018411463,-1.079554445346523,-1.0850713540901653
0,1,0.7424532335795461,0.4002689481136815,-0.2612424863118539,0.3010651016506145,-0.12557245255247196
0,0,1.8894168459502128,1.9499688208735992,-0.8940479288087539,0.5611818278964521,1.1957047233354994
1,0,0.2437734021140412,0.8045384801379929,-1.493547821700554,2.7521650220440828,1.5732124878749196
1,0,-0.953058193403159,-0.4082701159350179,-0.7885803550592706,0.8212985541422897,-0.7075635895507449
1,0,0.7424532335795461,0.06337767142673618,-0.6053998322312206,0.6512222331353957,-1.1479893148467355
0,0,-1.2023981091359115,-0.6777831372845589,1.0876322726946963,-1.3596801505343479,-1.0536123737118803
0,1,-1.8506818900410733,-1.8905917333575697,-1.4047330227536208,1.1114287488011083,1.0855982920115017
1,0,-1.3021340754290351,-0.9472961586340998,-1.460242272095454,1.361540985575952,-0.07838398198504441
1,0,0.1440374358209459,-0.07137883924807259,-0.11691843802308721,-0.35923120343497306,-1.6985214714667234
0,1,-1.2023981091359115,-1.1494309246462746,0.6047018034207462,-1.0895589348175165,0.40923021387837355
1,0,0.8920571830192031,0.6697819694632224,-0.05585826374707054,0.16100224905670216,-1.5097675891970133
0,1,0.2437734021140412,1.0066732461501677,-0.9384553282822207,1.6116532223507958,-1.5884150401427257
0,1,1.8894168459502128,1.815212310198829,2.1090024605844295,-1.9799584977359603,0.362041743310946
0,1,-0.6039823113773113,-0.9472961586340998,-0.2945480359169539,0.11097980170173341,-1.4940380990078708
1,0,0.8421891998726413,0.8719167354753973,0.9377572994717462,-0.9494960822236042,-0.4873507269027498
1,0,0.7424532335795461,0.6024037141258181,0.7323730769069628,-0.8894691453976414,0.975491860687504
1,0,1.4904729807778032,0.8719167354753973,-0.9662099529531373,1.6216577118217896,0.5979840961480837
1,0,0.9917931493122984,0.6697819694632224,1.8092525141385296,-1.7298462609611165,-0.9435059423878827
0,1,-1.0527941596962826,-1.8232134780201652,-0.660909081573054,0.7812805962583141,0.9912213508766465
1,0,-1.6512099574548829,-1.48632220133322,-0.4777285587450039,0.601199785780427,-1.1794482952250205
0,0,1.0915291156053937,1.0740515014875722,-0.02810363907615387,-0.2791952876670227,-1.0536123737118803
1,0,-0.9031902102566255,-1.216809179983679,-0.3889137597980706,0.3010651016506145,-0.31432633482218214
1,0,-1.0029261765497208,-0.8799179032967337,-0.18352953723328722,0.7012446804903645,1.5732124878749196
1,0,0.6427172672864507,0.4002689481136815,-0.44997393407408726,0.801289575200302,-0.06265449179590189
1,0,1.0416611324588603,0.8045384801379929,-0.511034108350104,1.0313928330331579,-1.5254970793861558
1,0,-0.6039823113773113,-0.0040005839106682,-0.061409188681253876,-0.3292177350219914,0.6137135863372263
0,1,0.293641385260603,-0.4082701159350179,-0.5942979823628539,0.4211189753025398,-0.37724429557875216
1,0,-1.3021340754290351,-1.1494309246462746,1.748192339862513,-1.8198866662000601,-1.3210137069273031
1,0,1.839548862803651,2.0173470762110037,-0.4610757839424539,0.5511773384254582,-0.8963174718204552
1,0,-0.40451037879112073,-1.014674413971504,-0.28344618604858723,0.03094388593378299,0.6294430765263688
1,0,0.5429813009933554,1.545699288849288,0.26609538243556285,-0.5493165033838542,0.11036990028466577
1,0,1.0416611324588603,0.8045384801379929,-0.4721776338108206,1.9217923959516021,0.7080905274720813
1,0,1.4904729807778032,0.8045384801379929,-0.15577491256237055,0.571186317367446,1.1957047233354994
1,0,-1.5016060080152256,-1.418943945995854,-1.0494738269658874,0.771276106787321,0.9440328803092191
1,0,-0.8034542439635303,-0.9472961586340998,-1.3048163739383207,0.5011548910704895,0.7867379784177939
1,0,-0.7037182776704066,-0.3408918605976135,0.04405838506822947,0.48114591212850166,-1.1322598246575928
1,0,2.088888778536403,2.2868600975605444,0.5547434790130962,-0.7293973138617413,-0.7075635895507449
0,1,-0.9031902102566255,-0.8125396479593293,0.3771138811192295,-0.8094332296296918,-1.0850713540901653
1,0,0.1440374358209459,1.2088080121623426,0.0662620848049628,-0.2791952876670227,-1.5569560597644407
1,0,0.8421891998726413,0.4002689481136815,-0.511034108350104,1.6916891381187453,-0.9592354325770253
0,0,1.839548862803651,1.7478340548614628,-0.13912213775982055,-0.4492716086739167,0.47214817463494363
1,0,0.1440374358209459,-0.2735136052602091,0.4714796050003462,-0.7394018033327352,1.0541393116332167
1,0,1.2910010481916128,0.26551243743887276,-0.13912213775982055,0.27105163323763354,-0.5188097072810348
1,0,-0.9031902102566255,-0.8799179032967337,-0.6165016820995873,1.4915993486988703,-0.9906944129553102
0,0,-1.1525301259893779,-1.0820526693089085,1.1042850474972463,-1.2296217874114292,-0.188490413309042
1,0,-0.5541143282307779,-0.0040005839106682,0.5214379294079962,-0.8794646559266479,-0.5030802170918923
1,0,0.3933773515536983,1.6804557995240583,-0.12246936295727055,-0.07910549824714767,-0.015466021228474349
0,1,0.6427172672864507,0.535025458788452,-0.6720109314414207,0.5411728489544643,-0.770481550307315
0,1,0.7424532335795461,0.6697819694632224,0.2105861330937295,-0.029083050892178934,0.15755837085209332
0,1,-1.4018700417221304,-0.8799179032967337,-0.7830294301250873,-0.18915488242807907,-0.31432633482218214
1,0,-1.1525301259893779,-0.5430266266097884,-0.9662099529531373,1.8617654591256394,0.975491860687504
1,0,1.6400769302174603,1.815212310198829,0.5769471787498296,-0.9294871032816167,0.5350661353915137
1,0,-0.8034542439635303,-1.216809179983679,0.4381740553952462,-0.6993838454487604,-0.73902256992903
0,0,0.04430146952785062,0.06337767142673618,-0.6276035319679539,0.27105163323763354,-0.6918340993616025
0,1,-0.5042463450842161,0.4002689481136815,0.26609538243556285,-0.5793299717968351,0.5193366452023711
1,0,-1.2522660922824733,-1.0820526693089085,-0.5498905828893873,-0.4092536507899418,-1.4940380990078708
1,0,-0.7535862608169684,-0.9472961586340998,-0.09471473828635388,-0.3092087560800043,-0.8648584914421701
1,0,-0.4543783619376542,0.19813418210150666,0.44372498032942953,-0.4792850770868976,2.07655617392748
0,1,-0.2549064293514636,-0.5430266266097884,-0.2445897115093039,0.16100224905670216,-1.4311201382513006
1,0,-1.2522660922824733,-0.9472961586340998,-0.48327948367918727,-0.09911447718913546,-0.5659981778484624
1,0,-0.30477441249802545,-0.6104048819471545,-0.41666838446898724,0.05095286487577077,1.6833189191989173
1,0,0.6925852504329842,0.4002689481136815,0.0995676344100628,-0.17915039295708515,0.7710084882286514
0,0,0.7923212167261079,0.4002689481136815,-0.7719275802567206,0.9513569172652081,1.620400958442347
0,1,-1.3520020585755685,-1.2841874353210452,-0.9384553282822207,1.8817744380676265,1.431647076172637
1,0,0.1939054189674794,0.33289069277627714,0.21613705802791283,-0.7193928243907481,-1.289554726549018
1,0,-0.30477441249802545,-0.6104048819471545,1.2597109456543796,-1.5397609610122351,0.7867379784177939
1,0,-0.7037182776704066,-0.20613534992284305,2.1423080101895295,-1.7898731977870788,-1.5884150401427257
0,1,-1.1525301259893779,-0.6104048819471545,1.0709794978921463,-1.189603829527454,0.9283033901200766
1,0,-1.0527941596962826,-0.6104048819471545,0.44372498032942953,-0.5293075244418664,-1.1794482952250205
1,0,-1.3520020585755685,-1.0820526693089085,-0.14467306269400387,0.05095286487577077,-1.3052842167381606
0,1,-0.5541143282307779,0.06337767142673618,-1.2548580495306707,1.6816846486477515,0.9912213508766465
1,0,1.1413970987519555,0.8045384801379929,0.5214379294079962,-0.35923120343497306,0.09464041009552325
1,0,-1.3520020585755685,-1.014674413971504,-0.7830294301250873,2.0418462696035267,-1.5097675891970133
0,1,-0.055434496765273025,-0.3408918605976135,-0.927353478413854,1.6216577118217896,0.39350072368923106
1,0,-0.7037182776704066,-0.13875709458543867,-0.3889137597980706,0.28105612270862673,1.5260240173074922
1,0,1.6400769302174603,0.9392949908127634,2.32548853301758,-1.8499001346130415,-1.6985214714667234
0,1,-1.5016060080152256,-1.418943945995854,-0.694214631178154,0.6212087647224147,0.8968444097417915
1,0,1.989152812243308,2.084725331548408,-0.41111745953480394,0.10097531223073951,-0.6131866484158899
0,0,-0.30477441249802545,-0.47564837127238396,-0.5554415078235706,0.9713658962071959,-1.5569560597644407
1,0,-1.3021340754290351,-0.7451613926219632,1.498400717824263,-1.6197968767801851,0.362041743310946
1,0,0.49311331784679363,1.545699288849288,0.06071115987077948,-0.5092985454998793,0.04745193952809571
0,1,1.6899449133639939,1.4783210335118835,0.42152128059269617,-0.42926262973192886,-0.8176700208747426
1,0,-2.1498897889203876,-2.3622395207192852,1.098734122563063,-1.3796891294763354,-0.1727609231198995
1,0,0.5429813009933554,0.7371602248006268,-0.3833628348638872,0.09097082275974562,0.2676648021760909
1,0,-0.0055665136187112016,0.9392949908127634,0.6435582779600295,-1.0395364874625477,-1.226636765792448
0,0,2.088888778536403,2.2194818422231783,0.47703052993452955,-0.2691907981960295,-1.2738252363598754
1,0,1.4904729807778032,1.545699288849288,2.181164484728813,-1.8098821767290667,0.3777712335000885
1,0,-0.3546423956445589,-0.9472961586340998,-1.2493071245964873,0.8212985541422897,-0.67610460917246
1,0,1.0416611324588603,0.4676472034510476,-0.41111745953480394,0.07096184381775855,-1.4940380990078708
1,0,0.34350936840713653,0.4676472034510476,-0.6831127813097873,0.04094837540477688,1.6675894290097748
0,1,1.839548862803651,2.0173470762110037,-0.3889137597980706,-0.009074071950191864,0.4564186844458011
0,1,0.04430146952785062,-0.2735136052602091,0.46037775513197954,-0.389244671847954,-1.0221533933335953
1,0,-1.0029261765497208,-1.6884569673453949,0.4381740553952462,-0.4792850770868976,-1.2109072756033055
1,0,-1.601341974308321,-1.6884569673453949,-0.3611591351271539,0.24103816482465185,-0.015466021228474349
0,1,-0.5042463450842161,0.13075592676410228,-1.3381219235434207,1.7217026065317271,-1.5412265695752982
1,0,-1.102662142842816,-1.5537004566706243,-0.810784054796004,-0.19915937189907296,-1.2423662559815905
1,0,0.293641385260603,0.4676472034510476,-0.7885803550592706,1.3715454750469458,-0.44016225633532224
1,0,1.4406049976312414,1.4783210335118835,-1.1049830763077206,1.781729543357689,-0.2828673544438971
1,0,0.2437734021140412,-0.3408918605976135,-0.8884970038745706,1.561630774995827,-1.6670624910884384
1,0,1.3408690313381462,1.2088080121623426,-0.43332115927153725,0.6112042752514208,-1.5412265695752982
1,0,-0.5541143282307779,-0.07137883924807259,-0.21683508683838723,0.4211189753025398,0.11036990028466577
0,0,-0.0055665136187112016,-0.3408918605976135,1.0876322726946963,-1.1095679137595043,-0.4087032759570372
1,0,-0.2050384462049018,-0.6777831372845589,-0.07806196348380388,0.28105612270862673,0.8181969587960789
1,0,2.088888778536403,2.2868600975605444,0.16062780868607948,-0.2391773297830478,-1.3052842167381606
0,0,-0.40451037879112073,-0.6104048819471545,-0.7164183309148873,0.7112491699613583,-1.5569560597644407
1,0,-2.199757772066921,-2.6317525420688264,-0.3611591351271539,0.1209842911727273,0.7552789980395088
0,1,0.9917931493122984,0.535025458788452,0.3882157309875962,-0.4792850770868976,-1.6356035107101534
1,0,-0.7037182776704066,-0.2735136052602091,0.005201910528946133,-0.4192581402609357,-1.619874020521011
1,0,0.9419251661657366,0.26551243743887276,1.914720087888013,-1.6598148346641604,0.8653854293635065
0,0,0.3933773515536983,0.33289069277627714,0.23834075776464617,-0.8894691453976414,1.3372701350377818
0,1,-0.7535862608169684,-1.3515656906584494,-0.977311802821504,0.9213434488522272,0.6451725667155113
1,0,-1.102662142842816,-1.0820526693089085,3.27469669676293,-2.0800033924458976,0.6294430765263688
1,0,0.1440374358209459,-0.07137883924807259,0.4548268301977962,-0.589334461267829,-1.1322598246575928
1,0,-0.9031902102566255,-0.8799179032967337,-0.511034108350104,0.8413075330842767,-0.8963174718204552
1,0,-0.5042463450842161,-0.7451613926219632,0.42152128059269617,-0.9394915927526102,-1.4783086088187283
0,1,-0.7535862608169684,-0.4082701159350179,0.14397503388352947,-0.6293524191518038,0.6609020569046538
0,1,0.6925852504329842,0.4676472034510476,-0.4444230091399039,-0.2291728403120539,-1.0693418639010228
1,0,-0.40451037879112073,0.4002689481136815,-0.02810363907615387,-0.029083050892178934,-0.3929737857678947
1,0,-1.0029261765497208,-1.6884569673453949,0.5824981036840129,-0.7193928243907481,1.6833189191989173
0,1,-2.1498897889203876,-2.496996031394056,0.9599609992084795,-1.149585871643479,-1.0221533933335953
1,0,0.34350936840713653,0.4676472034510476,-1.143839550847004,2.1018732064294894,1.0855982920115017
0,1,-0.0055665136187112016,0.06337767142673618,-1.2493071245964873,1.351536496104958,1.431647076172637
0,1,-0.5042463450842161,-1.0820526693089085,-0.022552714141970538,0.7512671278453332,0.8653854293635065
1,0,1.1912650818984891,1.2088080121623426,-0.8607423792036539,1.0914197698591206,-0.14130194274161448
1,0,0.34350936840713653,0.535025458788452,-0.35560821019297056,0.20102020694067702,0.6137135863372263
0,1,-0.953058193403159,-0.6104048819471545,-0.5054831834159206,1.2514916013950206,0.6609020569046538
1,0,-1.6512099574548829,-1.3515656906584494,-0.4888304086133706,1.0714107909171333,1.400188095794352
1,0,-1.3520020585755685,-1.1494309246462746,-0.2501406364434872,-0.17915039295708515,-1.4783086088187283
0,1,1.1912650818984891,0.9392949908127634,-0.35560821019297056,0.5211638700124772,-0.9749649227661678
1,0,-0.1053024799118065,0.26551243743887276,0.8822480501299129,-1.1695948505854665,-0.07838398198504441
1,0,-0.40451037879112073,-1.014674413971504,-1.1049830763077206,1.001379364620177,0.5665251157697987
1,0,-0.6538502945238731,-0.07137883924807259,-0.3112008107195039,-0.7193928243907481,0.5350661353915137
0,1,-0.1053024799118065,-0.6104048819471545,-0.4610757839424539,-0.059096519305160605,1.5889419780640621
1,0,-0.5541143282307779,-0.7451613926219632,1.614970141442113,-1.5097474925992542,-1.1479893148467355
0,1,1.2910010481916128,0.26551243743887276,-0.4888304086133706,0.31106959112160837,-1.1479893148467355
0,1,0.9917931493122984,0.26551243743887276,0.3105027819090295,-0.7093883349197543,0.42495970406751604
0,1,-0.5541143282307779,0.26551243743887276,-0.03365456401033721,0.44112795424452683,-1.3210137069273031
0,1,0.8920571830192031,0.6024037141258181,-1.3325709986092373,2.0418462696035267,-0.9435059423878827
0,0,-1.3021340754290351,-0.47564837127238396,-0.1280202878914539,0.3010651016506145,-0.3929737857678947
1,0,0.2437734021140412,-0.13875709458543867,-0.5221359582184706,0.3911055068895581,0.881114919552649
0,0,1.2910010481916128,1.0066732461501677,0.49923422967126285,-0.559320992854848,1.88780229165777
0,0,-1.2023981091359115,-0.2735136052602091,0.7212712270385963,-0.7894242506877039,0.7395495078503663
0,1,0.7424532335795461,0.4676472034510476,-0.6831127813097873,1.3215230276919772,-0.6131866484158899
1,0,-1.9005498731876351,-1.8232134780201652,1.898067313085463,-1.5697744294252165,-1.0693418639010228
0,1,-1.5514739911617874,-1.48632220133322,1.6704793907839464,-1.5397609610122351,0.7710084882286514
1,0,-0.5541143282307779,-0.7451613926219632,1.1875489215099964,-1.4197070873603101,-1.1794482952250205
0,0,-0.9031902102566255,-0.6777831372845589,0.1273222590809795,-0.2291728403120539,-1.1322598246575928
0,1,0.1939054189674794,1.0740515014875722,-0.7663766553225373,0.991374875149183,-0.45589174652446474
1,0,0.8421891998726413,0.6697819694632224,-0.20018231203583722,0.48114591212850166,0.40923021387837355
0,1,-1.9005498731876351,-1.8905917333575697,0.5214379294079962,-0.8894691453976414,-1.6985214714667234
1,0,-0.7535862608169684,-0.3408918605976135,-0.9384553282822207,1.2414871119240267,0.07891091990638074
1,0,-1.0527941596962826,-1.5537004566706243,0.28274815723811286,-0.5393120139128602,-0.8019405306856001
1,0,0.49311331784679363,1.4109427781745174,-0.744172955585804,0.6112042752514208,-0.45589174652446474
0,1,1.1912650818984891,0.26551243743887276,0.2605444575013795,-0.5693254823258419,0.6451725667155113
1,0,0.9419251661657366,0.535025458788452,2.0368404364400465,-1.829891155671054,-0.7232930797398875
1,0,1.3408690313381462,1.613077544186654,-0.993964577624054,0.7812805962583141,-1.5254970793861558
1,0,-0.1053024799118065,-0.3408918605976135,-0.35005728525878727,0.44112795424452683,-1.4783086088187283
1,0,0.8920571830192031,0.4676472034510476,1.1764470716416295,-1.069549955875529,0.39350072368923106
1,0,-0.5541143282307779,0.19813418210150666,0.2438916826988295,-0.7394018033327352,1.919261272036055
1,0,-0.5541143282307779,0.13075592676410228,-1.3048163739383207,1.7217026065317271,1.1799752331463567
1,0,1.4406049976312414,0.535025458788452,0.3937666559217795,-0.7794197612167101,-1.4311201382513006
1,0,0.1440374358209459,-0.5430266266097884,0.6158036532891129,-0.4792850770868976,1.3844586056052095
0,0,-0.5042463450842161,-0.8799179032967337,2.22557188420228,-2.0099719661489415,-0.15703143293075697
0,1,1.390737014484708,1.545699288849288,-0.5942979823628539,0.9013344699102395,1.7305073897663448
0,1,0.7923212167261079,0.535025458788452,-1.3825293230168874,2.53206625368222,-0.7075635895507449
1,0,-0.15517046305836832,0.535025458788452,0.2771972323039295,-0.39924916131894794,1.2900816644703543
0,1,1.7896808796571175,1.545699288849288,2.0867987608476963,-1.7698642188450915,0.12609939047380828
1,0,0.49311331784679363,0.4002689481136815,-0.2556915613776706,-0.21916835084106073,1.5417535074966346
0,1,-1.5514739911617874,-1.0820526693089085,-0.4943813335475539,0.6912401910193705,1.2271637037137844
1,0,1.1912650818984891,0.26551243743887276,-0.10026566322053722,-0.1491369245441042,0.5350661353915137
0,1,1.839548862803651,1.613077544186654,-0.3611591351271539,-0.11912345613112324,0.4878776648240861
1,0,-0.6039823113773113,-1.014674413971504,1.0931831976288795,-1.0995634242885104,-1.2109072756033055
1,0,0.4432453347002318,0.4002689481136815,-0.1946313871016539,0.6412177436644018,0.330582762932661
1,0,0.04430146952785062,1.1414297568249383,-0.20018231203583722,0.2610471437666396,1.5732124878749196
0,0,0.2437734021140412,1.0740515014875722,-1.043922902031704,1.351536496104958,-0.4716212367136073
1,0,0.293641385260603,0.19813418210150666,1.415136843811513,-1.5597699399542229,1.620400958442347
1,0,-0.6039823113773113,-0.8799179032967337,-0.2723443361802206,-0.6393569086227977,-0.5817276680376049
1,0,-1.4517380248686638,-1.418943945995854,-0.4610757839424539,1.001379364620177,0.912573899930934
1,0,0.04430146952785062,-0.4082701159350179,0.11066948427842949,-0.029083050892178934,-1.3210137069273031
1,0,0.7923212167261079,0.4676472034510476,0.7989841761171629,-1.0295319979915543,0.362041743310946
0,1,-0.953058193403159,-1.418943945995854,-0.4222193094031706,0.7312581489033454,1.5417535074966346
1,0,1.0416611324588603,0.535025458788452,0.14397503388352947,-0.46928058761590447,-1.6041445303318682
1,0,-0.15517046305836832,-0.47564837127238396,0.1939333582911795,-0.4192581402609357,-1.6041445303318682
1,0,0.4432453347002318,0.4676472034510476,-0.16687676243073724,-0.2491818192540417,-1.5097675891970133
0,1,0.5429813009933554,0.7371602248006268,0.2938500071064795,-0.42926262973192886,1.0384098214440742
1,0,0.293641385260603,-0.0040005839106682,-0.6331544569021372,0.9513569172652081,1.0384098214440742
0,1,0.7923212167261079,0.4676472034510476,2.62523847946348,-1.9299360503809915,1.1013277822006442
1,0,-0.9031902102566255,-0.8125396479593293,-1.077228451636804,0.4311234647735329,-1.1165303344684503
1,0,-0.5042463450842161,0.13075592676410228,0.8378406506564462,-0.9294871032816167,2.13947413468405
1,0,0.09416945267438409,1.2088080121623426,1.4373405435482463,-1.6798238136061479,1.6046714682532046
1,0,0.2437734021140412,1.2088080121623426,-0.08361288841798721,-0.10911896666012935,1.6675894290097748
0,1,0.7424532335795461,0.33289069277627714,-1.2826126742015873,2.0518507590745205,0.4878776648240861
0,1,-1.102662142842816,-1.014674413971504,-0.28344618604858723,0.1910157174696831,1.3844586056052095
0,0,0.34350936840713653,0.8719167354753973,-0.9162516285454874,1.3115185382209833,-0.6603751189833175
0,0,-1.3021340754290351,-1.1494309246462746,1.2874655703252964,-1.2596352558244104,-0.12557245255247196
1,0,0.6427172672864507,0.06337767142673618,-0.044756413878703875,0.16100224905670216,-1.5569560597644407
1,0,1.241133065045051,0.19813418210150666,-0.0003490144052372012,-0.09911447718913546,0.17328786104123584
1,0,0.04430146952785062,-0.4082701159350179,-0.41666838446898724,0.17100673852769604,-1.226636765792448
0,1,1.241133065045051,1.2761862674997086,-0.03920548894452054,-0.11912345613112324,-0.188490413309042
0,1,0.7923212167261079,0.4002689481136815,0.33270648164576283,-0.389244671847954,1.5732124878749196
0,0,0.5928492841398889,0.4676472034510476,0.6491092028942129,-1.3796891294763354,-0.6918340993616025
1,0,1.839548862803651,1.3435645228371131,1.9591274873614797,-1.749855239903104,-0.45589174652446474
1,0,-0.9031902102566255,-1.1494309246462746,-0.35560821019297056,0.991374875149183,-0.9592354325770253
1,0,0.5928492841398889,-0.07137883924807259,0.5769471787498296,-0.7093883349197543,0.9912213508766465
1,0,0.2437734021140412,1.2761862674997086,0.038507460134046136,-0.059096519305160605,1.494565036929207
1,0,-1.0029261765497208,-0.8125396479593293,0.23278983283046284,-0.389244671847954,-0.5502686876593198
0,0,-0.8533222271100637,-0.5430266266097884,-0.2945480359169539,0.24103816482465185,-1.446849628440443
1,0,0.49311331784679363,-0.20613534992284305,-0.2667934112460372,0.2910606121796206,0.8968444097417915
1,0,-1.4018700417221304,-1.0820526693089085,0.36601203125086285,-0.9995185295785729,1.1799752331463567
1,0,-0.1053024799118065,0.535025458788452,-0.9051497786771207,0.8613165120262646,0.8024674686069364
0,1,0.49311331784679363,0.8719167354753973,-0.4721776338108206,0.15099775958570827,-0.8019405306856001
1,0,0.293641385260603,0.06337767142673618,-1.1216358511102706,0.5811908068384392,-0.7232930797398875
0,0,0.1939054189674794,-0.4082701159350179,-0.05030733881288721,0.04094837540477688,0.06318142971723822
1,0,-0.0055665136187112016,-0.2735136052602091,0.1772805834886295,-0.6893793559777665,-0.67610460917246
1,0,-0.9031902102566255,-1.48632220133322,-1.0217192022949706,1.1314377277430954,-0.5974571582267474
0,0,1.0915291156053937,0.535025458788452,-0.7885803550592706,0.7612716173163271,-1.5254970793861558
1,0,-1.2522660922824733,-0.9472961586340998,-0.14467306269400387,-0.029083050892178934,-1.195177785414163
1,0,1.390737014484708,0.535025458788452,-0.1280202878914539,-0.04909202983416672,-1.3367431971164456
1,0,-1.2522660922824733,-1.014674413971504,-0.017001789207787204,-0.3092087560800043,0.0002634689606681657
1,0,-0.5541143282307779,0.13075592676410228,-0.5221359582184706,0.0009304175208020274,0.330582762932661
1,0,1.6899449133639939,1.1414297568249383,0.7434749267753296,-0.7794197612167101,0.912573899930934
1,0,1.7896808796571175,1.2088080121623426,0.8655952753273629,-0.9294871032816167,-0.2828673544438971
1,0,1.4406049976312414,1.4109427781745174,-1.1382886259128207,1.4715903697568833,-0.31432633482218214
1,0,-1.3520020585755685,-0.9472961586340998,-0.8551914542694706,1.5216128171118521,0.7552789980395088
1,0,0.5429813009933554,-0.13875709458543867,-0.2556915613776706,-0.10911896666012935,0.6451725667155113
0,0,0.2437734021140412,1.1414297568249383,-0.4721776338108206,1.0313928330331579,1.0541393116332167
1,0,-1.3520020585755685,-1.216809179983679,-0.5165850332842873,1.351536496104958,-1.5884150401427257
1,0,1.3408690313381462,1.613077544186654,2.3032848332808467,-1.5197519820702476,-1.4940380990078708
1,0,1.0416611324588603,0.06337767142673618,-0.511034108350104,0.6612267226063896,0.9597623704983616
1,0,-0.0055665136187112016,-0.5430266266097884,-0.5276868831526539,0.3610920384765771,0.2362058217978059
0,1,0.293641385260603,-0.0040005839106682,-1.3159182238066873,2.2919585063783705,-0.33005582501132463
1,0,-0.2549064293514636,0.4676472034510476,-0.37226098499552057,0.09097082275974562,-0.06265449179590189
0,1,-0.9031902102566255,-1.48632220133322,-0.710867405980704,1.3415320066339642,0.03172244933895319
1,0,0.8920571830192031,-0.2735136052602091,-0.5942979823628539,0.37109652794757103,0.47214817463494363
1,0,0.34350936840713653,-0.3408918605976135,-0.40001560966643723,0.4311234647735329,-0.8333995110638851
1,0,1.1912650818984891,0.7371602248006268,0.5269888543421796,-0.5793299717968351,1.1957047233354994
0,1,1.839548862803651,1.9499688208735992,-0.03920548894452054,0.13098878064372046,-1.195177785414163
1,0,0.3933773515536983,0.4002689481136815,0.7046184522360462,-0.37924018237696017,0.5665251157697987
0,1,0.1440374358209459,1.0066732461501677,-0.061409188681253876,0.09097082275974562,-0.5030802170918923
1,0,0.34350936840713653,-0.2735136052602091,1.5039516427584463,-1.3996981084183229,1.368729115416067
0,1,-0.8034542439635303,-0.5430266266097884,0.3216046317773962,-0.6493613980937917,0.12609939047380828
0,0,-0.055434496765273025,-0.2735136052602091,-0.42777023433735395,1.1014242593301145,0.17328786104123584
0,1,-1.1525301259893779,-1.8905917333575697,-0.744172955585804,0.37109652794757103,-1.6670624910884384
1,0,-1.5016060080152256,-1.5537004566706243,-1.243756199662304,2.0118328011905455,0.31485327274351843
1,0,1.7398128965105557,1.545699288849288,0.7878823262487963,-1.0195275085205602,-1.3052842167381606
1,0,1.3408690313381462,0.33289069277627714,-0.10581658815472055,-0.0691010087761545,-0.5502686876593198
0,1,-0.5541143282307779,0.06337767142673618,-0.3889137597980706,1.3215230276919772,1.2743521742812118
1,0,0.9917931493122984,0.4002689481136815,-0.8163349797301873,1.001379364620177,-0.37724429557875216
1,0,-0.8034542439635303,-0.8125396479593293,-1.0383719770975206,1.6716801591767583,-1.3210137069273031
1,0,0.1939054189674794,0.8045384801379929,-0.5720942826261206,1.6816846486477515,1.0226803312549315
1,0,0.1440374358209459,-0.07137883924807259,0.17172965855444616,-0.5993389507388229,-1.2109072756033055
1,0,-1.4517380248686638,-1.216809179983679,-0.760825730388354,1.1214332382721022,1.2271637037137844
0,1,1.839548862803651,2.084725331548408,3.280247621697113,-2.1900527766268287,1.2114342135246419
0,1,-1.2522660922824733,-1.0820526693089085,-1.0494738269658874,1.2214781329820397,0.7710084882286514
1,0,1.9392848290967462,1.7478340548614628,0.5713962538156462,-0.7694152717457169,0.29912378255437594
1,0,-0.7037182776704066,-0.2735136052602091,-0.8496405293352873,0.8613165120262646,-1.3052842167381606
1,0,-1.3021340754290351,-1.014674413971504,-0.3445063603246039,0.07096184381775855,-0.5345391974701773
1,0,-2.199757772066921,-2.5643742867314603,0.40486850579014616,-0.8794646559266479,0.362041743310946
0,1,0.7424532335795461,0.4002689481136815,-0.511034108350104,0.1910157174696831,0.5036071550132286
0,1,0.2437734021140412,0.9392949908127634,2.9582939755144797,-2.1200213503298726,-0.5188097072810348
1,0,-0.953058193403159,-1.48632220133322,-0.08361288841798721,0.08096633328875173,-0.5817276680376049
1,0,-1.750945923747978,-1.6210787120079904,0.3771138811192295,-0.6493613980937917,-0.06265449179590189
0,1,0.34350936840713653,0.19813418210150666,-0.3778119099297039,0.02093939646278981,-0.770481550307315
1,0,0.7923212167261079,0.33289069277627714,0.2994009320406628,-0.5493165033838542,-0.09411347217418692
0,1,1.1912650818984891,0.7371602248006268,1.931372862690563,-1.7598597293740978,1.400188095794352
1,0,-0.8034542439635303,-1.3515656906584494,-0.17242768736492056,0.791285085729308,-1.3052842167381606
0,1,0.8421891998726413,0.7371602248006268,0.21613705802791283,0.05095286487577077,1.0384098214440742
0,0,-1.4018700417221304,-1.3515656906584494,-0.5776452075603039,0.3010651016506145,1.4788355467400645
0,1,0.6427172672864507,-0.07137883924807259,0.14397503388352947,-0.39924916131894794,1.651859938820632
1,0,-0.40451037879112073,-0.7451613926219632,-1.093881226439354,1.0814152803881265,1.368729115416067
1,0,0.9917931493122984,0.8719167354753973,-0.16687676243073724,-0.009074071950191864,-1.3052842167381606
1,0,1.7896808796571175,1.613077544186654,1.3429748196671296,-1.1295768927014918,0.2519353119869484
1,0,-1.5016060080152256,-1.418943945995854,0.3105027819090295,-0.8294422085716792,0.975491860687504
1,0,0.6925852504329842,0.8045384801379929,-1.0217192022949706,1.0614063014461395,-1.1165303344684503
1,0,-0.953058193403159,-1.2841874353210452,0.4270722055268795,-0.7193928243907481,-0.67610460917246
1,0,-1.102662142842816,-0.13875709458543867,-0.03365456401033721,-0.3192132455509982,1.4159175859834945
1,0,1.241133065045051,0.19813418210150666,-1.1826960253862873,1.8517609696546455,-0.8333995110638851
0,0,0.1440374358209459,-0.20613534992284305,-0.48327948367918727,0.15099775958570827,0.4878776648240861
1,0,-1.102662142842816,-1.6884569673453949,0.23278983283046284,-0.6893793559777665,0.12609939047380828
0,1,-1.9005498731876351,-2.0253482440323403,-0.1280202878914539,-0.2391773297830478,-1.3052842167381606
0,1,-0.5541143282307779,-1.216809179983679,-1.1715941755179207,0.9213434488522272,-1.5254970793861558
1,0,-0.8533222271100637,-1.2841874353210452,1.6704793907839464,-1.8499001346130415,-0.31432633482218214
0,1,-1.3021340754290351,-0.9472961586340998,0.6546601278283962,-0.6893793559777665,0.7552789980395088
1,0,-0.15517046305836832,0.6024037141258181,-0.2667934112460372,0.01093490699179592,1.368729115416067
1,0,-1.0527941596962826,-0.9472961586340998,-0.39446468473225393,-0.39924916131894794,0.9440328803092191
1,0,-0.0055665136187112016,-0.5430266266097884,1.2208544711150964,-1.2096128084694417,-1.619874020521011
1,0,-1.5016060080152256,-1.48632220133322,0.2438916826988295,-0.2791952876670227,1.2743521742812118
1,0,-0.40451037879112073,0.26551243743887276,0.17172965855444616,-0.2691907981960295,-1.1165303344684503
0,0,-1.4018700417221304,-1.014674413971504,0.6324564280916629,-0.6693703770357794,1.5574829976857771
1,0,0.2437734021140412,-0.13875709458543867,-0.6165016820995873,0.38110101741856417,0.17328786104123584
0,1,-1.8506818900410733,-1.8232134780201652,-0.22793693670675388,0.16100224905670216,-1.4625791186295858
1,0,-0.1053024799118065,-0.3408918605976135,-0.2445897115093039,-0.03908754036317282,-1.5412265695752982
1,0,0.293641385260603,-0.4082701159350179,-0.7164183309148873,0.060957354346764664,-0.14130194274161448
1,0,0.04430146952785062,0.06337767142673618,0.8045351010513463,-0.9194826138106228,-1.4940380990078708
0,1,-1.2023981091359115,-0.8799179032967337,-0.8163349797301873,0.1209842911727273,1.1013277822006442
1,0,0.6427172672864507,0.4002689481136815,0.20503520815954615,-0.959500571694598,-0.25140837406561206
0,1,2.088888778536403,2.4216166082353534,-0.15022398762818723,-0.6593658875647855,0.5979840961480837
1,0,1.839548862803651,1.8825905655362332,-0.08916381335217055,0.07096184381775855,-0.770481550307315
1,0,0.1939054189674794,-0.20613534992284305,-0.40001560966643723,-0.3092087560800043,0.362041743310946
1,0,-0.9031902102566255,-0.6777831372845589,-0.2667934112460372,-0.169145903486092,0.20474684141952085
1,0,-0.4543783619376542,-0.7451613926219632,-0.40001560966643723,0.7212536594323522,1.7305073897663448
0,1,-0.2549064293514636,0.06337767142673618,0.6657619776967629,-0.8494511875136667,-1.0064239031444528
1,0,-0.6039823113773113,-0.6104048819471545,-0.9495571781505874,1.0814152803881265,0.11036990028466577
1,0,1.4904729807778032,0.8719167354753973,-0.4055665346006206,0.3010651016506145,1.6046714682532046
1,0,-0.0055665136187112016,0.8045384801379929,0.49923422967126285,-0.8294422085716792,-0.7232930797398875
0,1,-0.4543783619376542,-0.8125396479593293,1.0321230233528629,-1.3396711715923602,1.006950841065789
1,0,0.5429813009933554,0.535025458788452,1.0265720984186797,-1.2496307663534165,-0.10984296236332944
1,0,-1.3021340754290351,-0.8125396479593293,-0.511034108350104,1.8117430117706708,0.330582762932661
0,1,-1.2522660922824733,-0.3408918605976135,-0.5054831834159206,0.37109652794757103,-0.9749649227661678
1,0,-0.8034542439635303,-0.9472961586340998,0.28829908217229616,-0.3292177350219914,0.22047633160866337
0,1,0.4432453347002318,1.2761862674997086,-1.2715108243332207,1.6116532223507958,-1.1479893148467355
0,1,0.04430146952785062,1.0740515014875722,-0.5887470574286706,1.1414422172140892,-0.5030802170918923
1,0,-1.0527941596962826,-1.6210787120079904,-0.1946313871016539,0.24103816482465185,1.1327867625789292
1,0,0.7424532335795461,0.33289069277627714,0.09401670947587948,-0.08910998771814158,-0.9435059423878827
1,0,-1.3520020585755685,-1.1494309246462746,-0.3056498857853206,0.3911055068895581,-1.4940380990078708
1,0,1.1912650818984891,0.06337767142673618,2.6085857046609298,-2.110016860858879,-0.770481550307315
1,0,0.5429813009933554,0.8045384801379929,0.13842410894934615,-0.29920426660901045,0.8968444097417915
1,0,0.6925852504329842,0.4676472034510476,-1.4380385723587208,2.1018732064294894,-0.031195511417616863
1,0,-0.5042463450842161,0.06337767142673618,0.8877989750640962,-0.7093883349197543,-0.33005582501132463
1,0,-0.7535862608169684,-0.6777831372845589,-0.4943813335475539,0.05095286487577077,1.431647076172637
1,0,-0.5042463450842161,0.26551243743887276,0.965511924142663,-1.1996083189984479,0.12609939047380828
1,0,-0.40451037879112073,-1.0820526693089085,-0.810784054796004,0.8413075330842767,-1.1479893148467355
1,0,-1.0029261765497208,-1.6210787120079904,0.0496093100024128,0.5811908068384392,0.04745193952809571
0,1,1.2910010481916128,0.6697819694632224,0.2771972323039295,-0.09911447718913546,0.22047633160866337
0,1,-1.102662142842816,-1.418943945995854,1.0376739482870463,-1.269639745295404,-1.1479893148467355
1,0,0.1939054189674794,0.13075592676410228,-0.05585826374707054,-0.37924018237696017,-1.5412265695752982
1,0,-0.8533222271100637,-1.418943945995854,-0.1779786122991039,0.1209842911727273,0.6451725667155113
1,0,-0.953058193403159,-0.8125396479593293,-0.5942979823628539,0.34108305953458934,-0.6289161386050324
1,0,-1.102662142842816,-0.8125396479593293,0.0496093100024128,-0.3092087560800043,-0.6918340993616025
1,0,-0.3546423956445589,0.535025458788452,-0.8218859046643706,0.6912401910193705,-1.3682021774947306
1,0,0.34350936840713653,0.8045384801379929,-0.777478505190904,0.791285085729308,-0.44016225633532224
0,1,0.293641385260603,-0.2735136052602091,-0.9662099529531373,1.001379364620177,-0.5974571582267474
1,0,-1.102662142842816,-1.48632220133322,0.18838243335699617,-0.20916386137006684,-1.1794482952250205
1,0,-0.2050384462049018,-0.4082701159350179,0.5769471787498296,-0.7093883349197543,0.5822546059589412
0,1,0.49311331784679363,1.3435645228371131,0.10511855934424615,-0.2491818192540417,1.2900816644703543
1,0,0.1939054189674794,0.8045384801379929,-0.3778119099297039,0.6512222331353957,0.881114919552649
1,0,1.9392848290967462,1.815212310198829,1.3873822191405962,-1.5597699399542229,0.8653854293635065
0,1,-0.953058193403159,-0.9472961586340998,-0.6886637062439707,0.6312132541934079,-1.2738252363598754
0,0,1.6400769302174603,0.9392949908127634,0.6213545782232962,-0.9394915927526102,-0.9120469620095977
1,0,0.8421891998726413,0.4002689481136815,0.6713129026309462,-1.1295768927014918,-0.6603751189833175
1,0,-0.1053024799118065,-0.3408918605976135,0.0163037603973128,0.03094388593378299,0.5193366452023711
0,0,-1.5016060080152256,-1.2841874353210452,-0.12246936295727055,0.14099327011471438,1.7934253505229147
0,1,-1.4018700417221304,-1.1494309246462746,0.21613705802791283,-0.21916835084106073,-1.651333000899296
1,0,1.390737014484708,1.545699288849288,-0.960659028018954,0.9113389593812333,1.7776958603337722
1,0,1.1413970987519555,0.9392949908127634,1.698234015454863,-1.8098821767290667,-1.2738252363598754
0,1,-1.0029261765497208,-1.6210787120079904,-1.3214691487408707,1.8517609696546455,0.7395495078503663
1,0,0.1939054189674794,0.9392949908127634,1.0487757981554129,-0.8294422085716792,0.39350072368923106
1,0,0.9419251661657366,0.4676472034510476,-0.9384553282822207,1.0313928330331579,-1.383931667683873
1,0,-1.3520020585755685,-0.8799179032967337,0.26609538243556285,-0.4192581402609357,0.6294430765263688
0,0,1.839548862803651,1.7478340548614628,0.9544100742742962,-1.2396262768824227,0.975491860687504
0,1,-1.2522660922824733,-0.6104048819471545,0.005201910528946133,-0.1491369245441042,1.0698688018223592
0,0,1.0416611324588603,0.06337767142673618,1.6926830905206798,-1.5397609610122351,0.9912213508766465
0,1,0.09416945267438409,-0.4082701159350179,1.181997996575813,-1.2196172979404352,1.5732124878749196
1,0,-0.7535862608169684,-1.216809179983679,0.3105027819090295,-0.7694152717457169,-0.9749649227661678
0,1,-1.2522660922824733,-0.4082701159350179,1.6205210663762963,-1.3396711715923602,-0.04692500160675938
1,0,0.34350936840713653,0.4676472034510476,-1.2493071245964873,0.24103816482465185,1.4159175859834945
1,0,-1.5514739911617874,-1.2841874353210452,-0.6498072317046872,0.8713210014972584,1.6833189191989173
0,0,-0.9031902102566255,-0.8125396479593293,0.3715629561850462,-0.009074071950191864,-0.8648584914421701
1,0,1.3408690313381462,1.4109427781745174,0.3438083315141295,-0.4792850770868976,-1.2109072756033055
0,1,1.1912650818984891,0.06337767142673618,-1.0050664274924206,1.4615858802858894,-0.73902256992903
0,1,-0.1053024799118065,-0.13875709458543867,-0.6220526070337706,0.5211638700124772,-0.031195511417616863
1,0,0.5928492841398889,0.6024037141258181,-0.40001560966643723,-0.28919977713801653,0.7080905274720813
1,0,-0.953058193403159,-0.6777831372845589,-0.5665433576919373,-0.37924018237696017,-0.20421990349818453
0,1,2.03902079538987,2.2868600975605444,-0.11691843802308721,0.24103816482465185,-0.04692500160675938
0,0,-1.2522660922824733,-0.4082701159350179,-0.9495571781505874,0.5311683594834704,0.330582762932661
0,1,1.1413970987519555,1.2088080121623426,0.11066948427842949,-0.559320992854848,1.3058111546594968
0,1,1.1912650818984891,0.9392949908127634,-0.02810363907615387,0.01093490699179592,-1.0536123737118803
0,0,-0.6538502945238731,-0.5430266266097884,-0.4999322584817373,0.23103367535365796,1.1642457429572142
1,0,0.4432453347002318,0.4002689481136815,0.07181300973914614,-0.5092985454998793,-0.20421990349818453
1,0,-1.0029261765497208,-0.8799179032967337,-1.5046496715689208,2.9422503219929648,1.2743521742812118
0,1,-0.9031902102566255,-1.1494309246462746,0.5547434790130962,-0.6693703770357794,1.3058111546594968
0,1,-0.3546423956445589,-0.8799179032967337,-0.4444230091399039,-0.4392671192029228,-0.33005582501132463
1,0,0.2437734021140412,0.535025458788452,1.0487757981554129,-1.3696846400053415,0.2676648021760909
1,0,-1.3021340754290351,-0.4082701159350179,-1.3492237734117873,1.2314826224530329,-0.188490413309042
0,1,0.6427172672864507,0.6024037141258181,-0.15022398762818723,-0.3092087560800043,0.8024674686069364
1,0,0.1939054189674794,-0.2735136052602091,0.07736393467332947,0.3911055068895581,-0.5188097072810348
0,1,1.1912650818984891,1.4109427781745174,-0.2612424863118539,0.771276106787321,-1.5884150401427257
1,0,-0.1053024799118065,-0.2735136052602091,-0.511034108350104,0.31106959112160837,-1.5097675891970133
1,0,0.09416945267438409,0.06337767142673618,0.6102527283549295,-0.9494960822236042,-1.0221533933335953
1,0,-0.8533222271100637,-1.48632220133322,2.0368404364400465,-1.7898731977870788,-0.06265449179590189
1,0,-1.4517380248686638,-1.216809179983679,-1.043922902031704,1.6616756697057644,0.28339429236523345
1,0,-0.8034542439635303,-1.418943945995854,0.02740561026567947,-0.4092536507899418,0.3777712335000885
1,0,0.3933773515536983,1.0740515014875722,-0.1280202878914539,-0.4392671192029228,-1.4783086088187283
0,1,-2.249625755213483,-2.766509052743635,-0.11691843802308721,0.41111448583154586,1.3529996252269245
1,0,0.8421891998726413,-0.13875709458543867,-0.7830294301250873,0.601199785780427,0.01599295914981068
1,0,-1.9005498731876351,-2.0253482440323403,-0.694214631178154,0.8313030436132829,0.849655939174364
1,0,1.241133065045051,1.2761862674997086,-1.2937145240699541,1.9718148433065708,1.006950841065789
0,0,-0.6538502945238731,-0.13875709458543867,0.23834075776464617,-0.6593658875647855,0.20474684141952085
1,0,0.1440374358209459,1.1414297568249383,0.22168798296209616,-0.6393569086227977,-0.770481550307315
1,0,-1.102662142842816,-1.48632220133322,-0.48327948367918727,-0.019078561421185754,-1.3682021774947306
1,0,0.293641385260603,-0.2735136052602091,-0.6276035319679539,1.361540985575952,-0.6603751189833175
0,1,0.04430146952785062,-0.2735136052602091,-0.9051497786771207,1.2114736435110458,0.6137135863372263
1,0,0.1440374358209459,1.0066732461501677,-0.4055665346006206,0.6212087647224147,-0.7232930797398875
0,1,1.4904729807778032,0.8719167354753973,-1.1327377009786372,1.361540985575952,0.881114919552649
0,0,-1.0029261765497208,-1.6210787120079904,-0.660909081573054,0.5811908068384392,0.6609020569046538
0,1,0.293641385260603,-0.4082701159350179,-1.2604089744648541,0.5211638700124772,-0.5502686876593198
1,0,0.4432453347002318,0.535025458788452,-0.2723443361802206,-0.18915488242807907,0.2676648021760909
1,0,0.8920571830192031,0.13075592676410228,-0.4555248590082706,0.04094837540477688,1.651859938820632
0,1,-0.8533222271100637,-0.47564837127238396,-0.9051497786771207,1.7016936275897394,1.4159175859834945
1,0,-1.5514739911617874,-1.0820526693089085,-0.827436829598554,0.1810112279986892,1.1957047233354994
1,0,0.4432453347002318,0.26551243743887276,-0.4721776338108206,0.31106959112160837,-1.0221533933335953
1,0,0.34350936840713653,0.8045384801379929,-0.48327948367918727,0.44112795424452683,-1.1794482952250205
1,0,0.293641385260603,0.8719167354753973,-0.044756413878703875,-0.1491369245441042,-1.6985214714667234
1,0,1.7896808796571175,1.8825905655362332,0.948859149340113,-1.2796442347663979,-1.4783086088187283
0,1,1.0915291156053937,0.7371602248006268,0.5602944039472796,-0.7193928243907481,-0.4873507269027498
1,0,-1.5016060080152256,-1.418943945995854,-0.05585826374707054,0.2210291858826648,0.7710084882286514
0,0,-1.2023981091359115,-0.6777831372845589,-1.027270127229154,1.561630774995827,-0.9749649227661678
0,1,2.03902079538987,2.4216166082353534,-0.5443396579552039,0.37109652794757103,0.362041743310946
0,1,0.09416945267438409,1.1414297568249383,0.08846578454169614,-0.25918630872503556,0.9597623704983616
1,0,-0.6039823113773113,-0.0040005839106682,3.1026180238032466,-2.0399854345619226,0.6294430765263688
1,0,1.0915291156053937,1.0066732461501677,-0.2778952611144039,-0.169145903486092,-1.1479893148467355
0,0,-1.4517380248686638,-1.3515656906584494,0.11066948427842949,-0.11912345613112324,1.9035317818469124
0,1,0.7424532335795461,0.535025458788452,-0.8551914542694706,0.7512671278453332,-1.226636765792448
0,1,1.1413970987519555,0.535025458788452,0.39931758085596286,-0.8194377191006853,0.9597623704983616
0,1,-1.9005498731876351,-1.8232134780201652,-0.3445063603246039,-0.4792850770868976,-0.8648584914421701
0,1,-0.1053024799118065,-0.20613534992284305,-1.2160015749913873,2.171904632726446,0.40923021387837355
0,1,0.293641385260603,-0.4082701159350179,-0.9551081030847707,2.321971974791352,-0.9906944129553102
0,1,-0.9031902102566255,-1.418943945995854,-0.42777023433735395,-0.11912345613112324,0.2519353119869484
0,0,1.1413970987519555,0.6024037141258181,-0.960659028018954,0.8413075330842767,0.34631225312180347
1,0,0.9917931493122984,0.26551243743887276,-0.41666838446898724,0.7212536594323522,0.8024674686069364
0,0,1.7398128965105557,1.8825905655362332,-0.7497238805199873,1.581639753937814,-0.37724429557875216
1,0,-0.5042463450842161,0.06337767142673618,-0.9828627277556873,1.951805864364583,-0.9749649227661678
1,0,0.04430146952785062,0.9392949908127634,0.49923422967126285,-0.869460166455654,-1.0536123737118803
1,0,-1.601341974308321,-1.418943945995854,-1.4879968967663708,2.141891164313464,0.2676648021760909
1,0,1.241133065045051,0.33289069277627714,-0.1779786122991039,-0.04909202983416672,0.6137135863372263
0,1,0.5429813009933554,0.6024037141258181,0.07181300973914614,-0.20916386137006684,0.28339429236523345
0,0,-0.5042463450842161,0.26551243743887276,0.7656786265120629,-0.9194826138106228,-0.5502686876593198
1,0,-0.4543783619376542,-1.0820526693089085,0.021854685331496135,-0.20916386137006684,0.34631225312180347
1,0,-0.8533222271100637,-0.6104048819471545,0.4270722055268795,-0.8894691453976414,1.368729115416067
1,0,0.2437734021140412,1.3435645228371131,-0.43332115927153725,-0.18915488242807907,-1.0850713540901653
1,0,-0.9031902102566255,-0.7451613926219632,-0.9551081030847707,0.5011548910704895,-0.3615148053896097
0,1,-0.5042463450842161,0.19813418210150666,1.598317366639563,-1.1996083189984479,1.1013277822006442
0,1,-0.5042463450842161,-0.20613534992284305,-0.2778952611144039,0.07096184381775855,1.6361304486314896
1,0,0.1440374358209459,0.8719167354753973,-0.07806196348380388,0.07096184381775855,-0.04692500160675938
0,1,0.34350936840713653,0.4002689481136815,-0.28344618604858723,-0.07910549824714767,1.2743521742812118
0,1,-0.8034542439635303,-1.216809179983679,-0.39446468473225393,0.38110101741856417,-1.6670624910884384
1,0,-0.0055665136187112016,-0.2735136052602091,-0.5998489072970373,0.771276106787321,-1.0850713540901653
0,1,1.6899449133639939,1.4783210335118835,2.4032014820961463,-1.6498103451931665,-0.770481550307315
1,0,0.7424532335795461,0.4676472034510476,-0.6387053818363206,1.1114287488011083,-1.3524726873055881
0,1,0.9419251661657366,0.6024037141258181,-0.6664600065072372,0.771276106787321,-1.383931667683873
0,1,1.2910010481916128,0.33289069277627714,-0.660909081573054,1.6416666907637767,-0.8019405306856001
0,0,-1.3021340754290351,-0.9472961586340998,-0.660909081573054,0.5811908068384392,0.18901735123037833
0,1,0.7424532335795461,0.7371602248006268,-0.760825730388354,0.0009304175208020274,-0.21994939368732705
1,0,-1.0527941596962826,-0.6104048819471545,0.021854685331496135,-0.3392222244929853,-1.383931667683873
1,0,0.2437734021140412,1.0066732461501677,-0.2723443361802206,-0.1591414140150981,-0.644645628794175
1,0,-0.6039823113773113,-0.6104048819471545,-0.6720109314414207,0.6312132541934079,0.39350072368923106
0,0,-0.2549064293514636,0.535025458788452,0.3382574065799462,-0.759410782274723,-0.644645628794175
1,0,-0.2050384462049018,-0.3408918605976135,-0.4777285587450039,0.14099327011471438,0.9440328803092191
1,0,-1.5514739911617874,-1.5537004566706243,0.06071115987077948,-0.029083050892178934,0.2519353119869484
1,0,-0.055434496765273025,0.19813418210150666,-1.5046496715689208,1.3315275171629704,0.5979840961480837
1,0,0.49311331784679363,0.9392949908127634,-0.33895543539042056,-0.04909202983416672,-0.5188097072810348
1,0,0.8421891998726413,0.8719167354753973,-0.6553581566388706,0.591195296309433,-0.3615148053896097
0,0,1.4406049976312414,1.6804557995240583,-1.010617352426604,1.5016038381698644,-1.5097675891970133
1,0,0.1939054189674794,0.8045384801379929,-1.043922902031704,2.2019181011394267,-1.415390648062158
0,1,-0.7037182776704066,-0.6104048819471545,0.26609538243556285,-0.2691907981960295,1.494565036929207
0,1,0.09416945267438409,0.8719167354753973,-0.2667934112460372,-0.2691907981960295,-0.09411347217418692
1,0,0.49311331784679363,0.6024037141258181,1.5705627419686463,-1.8398956451420476,0.9440328803092191
1,0,0.9419251661657366,-0.20613534992284305,0.3105027819090295,-0.8594556769846605,0.39350072368923106
0,1,-0.3546423956445589,-1.0820526693089085,0.0163037603973128,-0.2491818192540417,1.494565036929207
0,0,-1.102662142842816,-1.48632220133322,0.6824147524993129,-0.9294871032816167,-0.9435059423878827
0,1,-0.6538502945238731,0.06337767142673618,-0.18352953723328722,1.0714107909171333,-0.8648584914421701
0,0,0.7424532335795461,0.4002689481136815,-0.15022398762818723,-0.09911447718913546,0.5507956255806562
1,0,1.1413970987519555,1.1414297568249383,3.5022846190644468,-2.1800482871558353,-0.2671378642547546
0,0,1.1413970987519555,0.4002689481136815,-0.07806196348380388,0.8713210014972584,0.09464041009552325
0,0,0.49311331784679363,0.06337767142673618,-0.4721776338108206,0.41111448583154586,1.7147778995772023
0,0,0.5928492841398889,0.4002689481136815,-0.4555248590082706,1.0514018119751456,0.09464041009552325
1,0,0.1939054189674794,-0.2735136052602091,-0.8496405293352873,1.6916891381187453,0.975491860687504
1,0,-1.2522660922824733,-0.8799179032967337,-0.4721776338108206,0.5011548910704895,-1.3996611578730156
0,1,0.8920571830192031,-0.0040005839106682,1.3429748196671296,-1.6097923873091917,1.4159175859834945
0,1,0.3933773515536983,-0.20613534992284305,-1.560158920910754,1.4915993486988703,0.9440328803092191
0,0,-1.1525301259893779,-0.20613534992284305,0.4270722055268795,-0.8894691453976414,-1.383931667683873
1,0,-1.0527941596962826,-0.6777831372845589,-0.4610757839424539,0.6512222331353957,-0.8805879816313127
0,1,1.7398128965105557,1.9499688208735992,1.9091691629538297,-1.669819324135154,-0.12557245255247196
0,1,-0.5541143282307779,-0.07137883924807259,-0.7497238805199873,0.14099327011471438,-1.383931667683873
1,0,-0.2050384462049018,-0.6104048819471545,0.5658453288814629,-0.4192581402609357,-0.42443276614617975
1,0,-0.0055665136187112016,0.06337767142673618,-0.41111745953480394,0.09097082275974562,-0.7547520601181725
1,0,1.6400769302174603,0.8719167354753973,-0.7219692558490707,1.181460175098064,-1.446849628440443
0,1,0.34350936840713653,0.33289069277627714,1.798150664270163,-1.7798687083160853,0.04745193952809571
0,1,-1.2023981091359115,-0.8125396479593293,-0.4777285587450039,-0.029083050892178934,-0.6131866484158899
1,0,-2.199757772066921,-2.5643742867314603,-0.6165016820995873,0.45113244371552075,-0.8963174718204552
1,0,1.0915291156053937,0.4002689481136815,-1.060575676834254,0.8413075330842767,0.8339264489852214
1,0,0.9419251661657366,0.33289069277627714,-0.3445063603246039,0.24103816482465185,0.31485327274351843
0,1,-0.7535862608169684,-1.2841874353210452,-0.2112841619042039,-0.07910549824714767,0.29912378255437594
0,0,-0.5541143282307779,-1.0820526693089085,-0.4999322584817373,0.24103816482465185,0.6451725667155113
0,0,-1.5016060080152256,-1.48632220133322,-0.7497238805199873,0.07096184381775855,1.1957047233354994
0,1,-0.7535862608169684,-0.3408918605976135,-0.2112841619042039,0.02093939646278981,0.09464041009552325
0,1,0.34350936840713653,1.2761862674997086,0.6546601278283962,-0.9094781243396293,0.12609939047380828
1,0,0.6925852504329842,0.535025458788452,-0.5998489072970373,0.4311234647735329,-1.3682021774947306
1,0,0.9419251661657366,0.8045384801379929,-0.944006253216404,0.9813703856781891,-0.6603751189833175
1,0,0.1939054189674794,-0.20613534992284305,0.8489425005248129,-1.2596352558244104,0.11036990028466577
1,0,-1.4517380248686638,-1.014674413971504,0.21613705802791283,-0.4392671192029228,-0.9749649227661678
1,0,0.9917931493122984,0.4676472034510476,-0.4777285587450039,0.27105163323763354,-0.25140837406561206
0,1,-0.0055665136187112016,0.9392949908127634,-0.011450864273603869,-0.45927609814491055,0.18901735123037833
1,0,-0.6538502945238731,-1.014674413971504,-1.0328210521633374,0.7012446804903645,1.2900816644703543
1,0,1.4406049976312414,1.613077544186654,-0.8662933041378373,1.1414422172140892,0.8181969587960789
0,1,0.9419251661657366,0.6024037141258181,4.2516594851791965,-2.3901425660467037,-1.0378828835227378
0,1,-0.1053024799118065,-0.47564837127238396,-0.3833628348638872,0.27105163323763354,0.17328786104123584
0,0,-0.6039823113773113,-0.07137883924807259,-0.5554415078235706,0.5211638700124772,-1.0693418639010228
1,0,0.09416945267438409,-0.13875709458543867,0.0995676344100628,-0.6193479296808106,-1.3996611578730156
1,0,0.49311331784679363,0.6024037141258181,0.21613705802791283,-0.1591414140150981,-0.9277764521987402
0,1,-0.7535862608169684,-1.3515656906584494,-0.11136751308890389,-0.2691907981960295,-1.2423662559815905
1,0,0.9917931493122984,0.535025458788452,2.2699792836757466,-2.029980945090929,-0.6603751189833175
0,1,-0.15517046305836832,0.535025458788452,-0.744172955585804,0.7612716173163271,1.3215406448486393
1,0,1.241133065045051,1.3435645228371131,-0.8662933041378373,1.1314377277430954,1.2900816644703543
0,1,1.241133065045051,0.9392949908127634,0.5380907042105462,-0.49929405602888544,0.7710084882286514
1,0,0.293641385260603,-0.3408918605976135,-0.5665433576919373,0.0009304175208020274,-0.8333995110638851
1,0,0.4432453347002318,0.8719167354753973,0.4104194307243295,-0.7293973138617413,0.975491860687504
0,0,0.5429813009933554,0.8719167354753973,3.70766884162923,-2.340120118691735,-1.0221533933335953
0,1,-1.601341974308321,-1.48632220133322,0.6935166023676795,-0.7193928243907481,0.5350661353915137
1,0,0.5928492841398889,0.8045384801379929,0.10511855934424615,-0.589334461267829,1.5102945271183497
0,1,-0.2050384462049018,0.6024037141258181,-0.3611591351271539,-0.029083050892178934,-0.6918340993616025
0,1,-0.8533222271100637,-1.2841874353210452,1.0154702485503129,-1.1395813821724852,-0.2985968446330396
1,0,0.1939054189674794,0.8045384801379929,0.7434749267753296,-1.1095679137595043,0.9912213508766465
1,0,-1.0029261765497208,-1.6884569673453949,1.4040349939431462,-1.2096128084694417,1.7147778995772023
0,1,-0.3546423956445589,-0.7451613926219632,1.265261870588563,-1.5197519820702476,1.3844586056052095
1,0,-0.2549064293514636,-0.6104048819471545,-1.010617352426604,0.7312581489033454,-0.031195511417616863
1,0,-1.2023981091359115,-1.1494309246462746,-0.5609924327577539,0.7812805962583141,-0.37724429557875216
1,0,1.7896808796571175,1.7478340548614628,-0.20573323697002055,-0.04909202983416672,-0.07838398198504441
1,0,0.1440374358209459,-0.07137883924807259,0.3438083315141295,-0.8294422085716792,1.1327867625789292
0,1,0.7424532335795461,0.4676472034510476,-0.9995155025582373,0.7112491699613583,0.11036990028466577
1,0,-0.6039823113773113,-0.07137883924807259,1.1098359724314295,-0.9394915927526102,-0.3929737857678947
1,0,0.3933773515536983,0.4002689481136815,0.6879656774334962,-0.9394915927526102,0.4878776648240861
0,0,-0.0055665136187112016,0.8045384801379929,-0.810784054796004,0.31106959112160837,-0.9906944129553102
1,0,-0.953058193403159,-1.6210787120079904,-0.22793693670675388,0.2910606121796206,0.9912213508766465
1,0,-1.5514739911617874,-1.3515656906584494,-1.0883303015051706,0.45113244371552075,-1.4625791186295858
1,0,-0.6039823113773113,-0.13875709458543867,0.13287318401516282,-0.6293524191518038,0.5507956255806562
0,1,0.2437734021140412,-0.07137883924807259,1.0876322726946963,-1.2996532137083854,-0.015466021228474349
0,1,1.241133065045051,0.9392949908127634,0.49923422967126285,-0.8294422085716792,1.8406138210903424
1,0,-1.2023981091359115,-0.5430266266097884,-0.827436829598554,0.3310785700635955,1.7776958603337722
1,0,0.5429813009933554,0.33289069277627714,-1.193797875254654,1.2414871119240267,0.9912213508766465
0,1,-0.6538502945238731,-0.07137883924807259,-0.710867405980704,0.5111593805414834,-0.8963174718204552
1,0,1.1912650818984891,0.19813418210150666,-0.10581658815472055,-0.8394466980426727,0.20474684141952085
0,1,0.8920571830192031,0.19813418210150666,-0.41111745953480394,0.6512222331353957,-0.7547520601181725
0,1,0.293641385260603,-0.13875709458543867,-0.511034108350104,0.2910606121796206,-1.5097675891970133
1,0,1.1413970987519555,0.6697819694632224,0.6546601278283962,-0.8894691453976414,-1.651333000899296
1,0,1.241133065045051,1.4109427781745174,-0.02810363907615387,-0.13913243507311032,-1.651333000899296
1,0,-0.5042463450842161,-0.0040005839106682,0.23834075776464617,-0.8094332296296918,-0.8963174718204552
1,0,0.7923212167261079,0.8045384801379929,-0.07806196348380388,0.37109652794757103,-0.2671378642547546
0,1,-0.953058193403159,-0.4082701159350179,-0.9828627277556873,0.7612716173163271,-0.5974571582267474
0,1,-0.6538502945238731,-0.2735136052602091,-1.5823626206474875,1.7116981170607333,0.2519353119869484
0,1,-1.5016060080152256,-1.418943945995854,-0.6498072317046872,1.3015140487499894,0.11036990028466577
1,0,-1.1525301259893779,-0.8125396479593293,1.981331187098213,-1.549765450483229,1.2271637037137844
0,1,1.9392848290967462,2.2194818422231783,-0.1779786122991039,-0.5693254823258419,0.8339264489852214
1,0,-1.5016060080152256,-1.216809179983679,0.2105861330937295,-1.0595454664045354,0.34631225312180347
1,0,0.6925852504329842,0.4676472034510476,0.7434749267753296,-1.2196172979404352,1.1485162527680717
0,0,0.1939054189674794,0.8045384801379929,-0.2778952611144039,0.5311683594834704,1.1327867625789292
0,1,0.3933773515536983,1.3435645228371131,-0.6498072317046872,1.0714107909171333,1.7462368799554873
1,0,-0.953058193403159,-1.3515656906584494,0.48258145486871284,-0.3492267139639792,-0.3929737857678947
0,0,-1.9005498731876351,-2.0253482440323403,0.0163037603973128,0.060957354346764664,-1.258095746170733
1,0,0.6427172672864507,-0.0040005839106682,-0.5609924327577539,0.09097082275974562,-1.5884150401427257
1,0,-1.5016060080152256,-1.1494309246462746,-0.777478505190904,1.9017834170096144,0.42495970406751604
1,0,0.2437734021140412,1.2088080121623426,-0.9495571781505874,1.7917340328286828,1.3058111546594968
1,0,0.293641385260603,0.26551243743887276,5.411802796423514,-2.6602637817635353,1.6833189191989173
1,0,-1.80081390689454,-1.8905917333575697,1.1597942968390795,-1.469729534715279,0.5665251157697987
1,0,-0.9031902102566255,-0.8125396479593293,-0.22793693670675388,-0.39924916131894794,-1.0850713540901653
0,0,-0.055434496765273025,0.8045384801379929,-0.2445897115093039,-0.4192581402609357,1.0541393116332167
1,0,-0.7037182776704066,0.06337767142673618,1.0099193236161297,-1.2796442347663979,-1.619874020521011
1,0,-1.102662142842816,-1.6210787120079904,-0.5165850332842873,1.1414422172140892,-0.04692500160675938
0,0,0.6925852504329842,0.4676472034510476,-0.017001789207787204,0.44112795424452683,-0.188490413309042
1,0,-2.199757772066921,-2.5643742867314603,-1.5324042962398374,2.181909122197439,-1.2738252363598754
0,1,0.3933773515536983,-0.20613534992284305,-0.11136751308890389,-0.029083050892178934,-1.446849628440443
0,1,1.6899449133639939,1.0740515014875722,-0.6331544569021372,0.5411728489544643,1.1957047233354994
0,1,-2.199757772066921,-2.6317525420688264,0.6213545782232962,-1.189603829527454,0.03172244933895319
1,0,-0.3546423956445589,-0.5430266266097884,1.3096692700620296,-1.5797789188962104,0.2676648021760909
0,1,-1.2023981091359115,-1.0820526693089085,0.1661787336202628,-0.169145903486092,-0.23567888387646954
1,0,0.5928492841398889,0.6697819694632224,0.18838243335699617,-0.7193928243907481,-0.8019405306856001
1,0,0.5928492841398889,0.26551243743887276,-0.8773951540062039,0.9813703856781891,0.11036990028466577
0,1,-0.6039823113773113,-0.20613534992284305,0.2771972323039295,-0.46928058761590447,0.6451725667155113
1,0,1.2910010481916128,1.0740515014875722,-0.4777285587450039,-0.29920426660901045,0.42495970406751604
0,0,-0.055434496765273025,0.8045384801379929,-0.9717608778873207,0.9613614067362021,-0.9120469620095977
0,1,0.04430146952785062,0.19813418210150666,-1.0494738269658874,0.8813254909682516,-0.9120469620095977
1,0,-0.3546423956445589,-1.014674413971504,0.2771972323039295,-0.7293973138617413,-0.5345391974701773
1,0,0.6925852504329842,0.4002689481136815,3.3191040962363965,-2.2000572660978226,-0.14130194274161448
1,0,-0.055434496765273025,-0.4082701159350179,-0.40001560966643723,0.1209842911727273,-1.383931667683873
0,1,1.3408690313381462,1.4783210335118835,-0.5554415078235706,0.25104265429564576,0.881114919552649
0,1,0.8421891998726413,0.4002689481136815,0.8433915755906296,-1.2296217874114292,-0.04692500160675938
1,0,-0.9031902102566255,-0.6777831372845589,5.050992675701597,-2.6202458238795603,-0.9906944129553102
0,1,-0.5042463450842161,0.13075592676410228,0.47703052993452955,-0.8194377191006853,-0.2985968446330396
0,1,-1.0527941596962826,-0.6104048819471545,-1.1160849261760875,0.9613614067362021,-0.8176700208747426
0,0,-1.601341974308321,-1.2841874353210452,-0.2612424863118539,0.37109652794757103,1.7934253505229147
1,0,0.34350936840713653,-0.20613534992284305,-0.1779786122991039,1.2414871119240267,0.8653854293635065
0,1,0.34350936840713653,1.1414297568249383,-0.03920548894452054,0.0009304175208020274,-1.6985214714667234
1,0,1.1912650818984891,0.26551243743887276,0.7046184522360462,-1.0295319979915543,0.2676648021760909
1,0,-1.0029261765497208,-1.2841874353210452,-0.4721776338108206,-0.28919977713801653,-1.1479893148467355
0,1,-0.15517046305836832,-0.6104048819471545,-0.17242768736492056,0.1209842911727273,0.6923610372829389
1,0,0.1939054189674794,-0.2735136052602091,-0.5942979823628539,0.4711414226575085,1.3215406448486393
1,0,1.0915291156053937,1.0066732461501677,0.021854685331496135,-0.1491369245441042,-1.1165303344684503
1,0,0.4432453347002318,0.535025458788452,-0.12246936295727055,0.4311234647735329,-1.6356035107101534
0,1,-0.40451037879112073,-0.8125396479593293,0.8933498999982796,-0.6493613980937917,1.2114342135246419
1,0,-0.8533222271100637,-1.014674413971504,-0.9828627277556873,1.381549964517939,0.881114919552649
0,0,-0.8533222271100637,-0.9472961586340998,-0.5942979823628539,0.9513569172652081,-0.2671378642547546
0,1,-0.5042463450842161,0.06337767142673618,-0.2889971109827706,0.7512671278453332,0.2362058217978059
0,0,-1.1525301259893779,-1.216809179983679,-0.2778952611144039,0.3010651016506145,0.6766315470937962
1,0,-1.601341974308321,-1.6210787120079904,0.04405838506822947,-0.3492267139639792,1.1170572723897867
1,0,-1.3021340754290351,-1.2841874353210452,-0.5776452075603039,0.571186317367446,0.03172244933895319
0,1,1.1413970987519555,0.8719167354753973,-1.110534001241904,1.0814152803881265,0.2362058217978059
1,0,-0.5541143282307779,-0.07137883924807259,0.28274815723811286,-0.869460166455654,-0.15703143293075697
1,0,1.390737014484708,1.545699288849288,-0.3667100600613373,0.2610471437666396,1.9507202524143399
0,1,0.1939054189674794,1.1414297568249383,-0.7830294301250873,0.2610471437666396,1.0698688018223592
1,0,1.241133065045051,0.13075592676410228,0.13287318401516282,-0.5193030349708732,0.6609020569046538
1,0,0.7424532335795461,0.19813418210150666,-0.6886637062439707,0.16100224905670216,-1.258095746170733
0,1,0.34350936840713653,0.6697819694632224,-0.6720109314414207,0.9313479383232204,-0.031195511417616863
1,0,0.3933773515536983,0.13075592676410228,-0.2612424863118539,0.6312132541934079,1.2428931939029269
1,0,1.1912650818984891,0.6024037141258181,-0.3889137597980706,-0.03908754036317282,-0.3457853152004672
1,0,-1.102662142842816,-0.6777831372845589,-0.7552748054541706,2.4220168695012894,-1.6985214714667234
1,0,-0.5042463450842161,-0.8799179032967337,1.9591274873614797,-1.7198417714901226,-0.188490413309042
1,0,1.241133065045051,1.0066732461501677,-0.2556915613776706,-0.4892895665578915,0.362041743310946
0,0,0.3933773515536983,0.7371602248006268,0.8822480501299129,-1.5197519820702476,0.7552789980395088
0,1,-1.2023981091359115,-0.8125396479593293,-0.6831127813097873,0.591195296309433,-0.10984296236332944
0,1,0.34350936840713653,0.33289069277627714,0.30495185697484617,-0.8994736348686354,1.3844586056052095
1,0,0.1440374358209459,1.0066732461501677,0.8655952753273629,-1.4397160663022976,-1.0221533933335953
1,0,0.2437734021140412,-0.13875709458543867,0.6879656774334962,-1.0895589348175165,0.5822546059589412
0,1,1.2910010481916128,0.33289069277627714,-0.08361288841798721,-0.6293524191518038,1.5102945271183497
1,0,-1.1525301259893779,-1.0820526693089085,-0.2889971109827706,0.14099327011471438,-0.37724429557875216
0,0,0.3933773515536983,0.9392949908127634,-0.4777285587450039,0.4611369331865146,-1.1008008442793078
1,0,0.7424532335795461,0.4002689481136815,0.22168798296209616,-1.1996083189984479,1.7619663701446298
0,1,-0.2549064293514636,-0.5430266266097884,-0.23348786164093724,0.09097082275974562,0.9597623704983616
1,0,-0.2050384462049018,-0.5430266266097884,0.965511924142663,-1.349675661063354,0.9283033901200766
1,0,-1.2522660922824733,-0.47564837127238396,0.7545767766436963,-1.0195275085205602,-0.5659981778484624
1,0,-0.7037182776704066,-0.13875709458543867,-0.9384553282822207,1.601648732879802,-1.6985214714667234
0,0,1.241133065045051,1.3435645228371131,-1.010617352426604,0.20102020694067702,1.1170572723897867
1,0,0.9419251661657366,0.19813418210150666,-0.30009896085113724,0.6312132541934079,-1.3210137069273031
1,0,-0.6039823113773113,-0.8125396479593293,0.08846578454169614,0.060957354346764664,-0.73902256992903
1,0,0.1939054189674794,0.26551243743887276,-0.2945480359169539,0.6312132541934079,-0.9435059423878827
1,0,-0.8034542439635303,-1.014674413971504,-0.2723443361802206,-0.20916386137006684,0.03172244933895319
1,0,-0.7535862608169684,-0.4082701159350179,0.11622040921261281,-0.20916386137006684,-1.1165303344684503
1,0,-1.2023981091359115,-0.3408918605976135,0.4326231304610629,-0.37924018237696017,-1.0378828835227378
0,1,-0.6538502945238731,-0.2735136052602091,-0.46662670887663726,0.6812357015483766,0.849655939174364
1,0,-1.2023981091359115,-0.6777831372845589,-0.061409188681253876,-0.6193479296808106,-1.3524726873055881
1,0,0.09416945267438409,-0.3408918605976135,1.0543267230895963,-1.159590361114473,0.362041743310946
0,1,-0.3546423956445589,-0.8799179032967337,-0.660909081573054,1.0313928330331579,1.5732124878749196
1,0,1.6400769302174603,0.8719167354753973,-0.810784054796004,0.7412626383743393,-1.415390648062158
1,0,0.6427172672864507,0.535025458788452,-0.5942979823628539,1.4415769013439017,-0.8963174718204552
1,0,1.989152812243308,2.084725331548408,0.13842410894934615,1.0914197698591206,0.17328786104123584
0,1,-0.6039823113773113,0.13075592676410228,0.2438916826988295,-0.42926262973192886,0.12609939047380828
1,0,-0.6039823113773113,-0.13875709458543867,0.33270648164576283,-0.6393569086227977,0.362041743310946
0,0,-1.2522660922824733,-0.9472961586340998,-0.5498905828893873,0.6112042752514208,-0.37724429557875216
1,0,-1.9005498731876351,-1.8905917333575697,-0.13357121282563722,-0.3492267139639792,-1.1008008442793078
0,1,-0.6538502945238731,-0.13875709458543867,-0.35560821019297056,0.05095286487577077,-0.770481550307315
1,0,-0.3546423956445589,-0.8799179032967337,1.4595442432849797,-1.3996981084183229,0.34631225312180347
0,1,-2.0002858394807306,-2.294861265381881,0.49368330473707955,-0.3192132455509982,0.20474684141952085
1,0,1.2910010481916128,1.0066732461501677,0.33270648164576283,-0.29920426660901045,1.620400958442347
1,0,1.1912650818984891,1.3435645228371131,-0.4555248590082706,0.5511773384254582,1.5417535074966346
1,0,1.0416611324588603,0.6024037141258181,-0.3445063603246039,0.14099327011471438,1.1957047233354994
1,0,1.540340963924365,0.8045384801379929,0.48258145486871284,-0.7694152717457169,-1.3682021774947306
1,0,1.241133065045051,1.2761862674997086,-0.3223026605878706,0.2910606121796206,-0.8805879816313127
1,0,-0.3546423956445589,0.33289069277627714,1.548359042231913,-1.3996981084183229,-0.09411347217418692
1,0,-0.5042463450842161,-0.4082701159350179,1.4373405435482463,-1.4497205557732915,-0.2985968446330396
0,1,0.04430146952785062,-0.2735136052602091,0.47703052993452955,-0.19915937189907296,-0.9749649227661678
0,1,0.1440374358209459,-0.5430266266097884,-0.2723443361802206,0.791285085729308,0.8653854293635065
0,1,2.03902079538987,2.152103586885774,-0.16132583749655388,0.6912401910193705,0.6923610372829389
0,1,2.138756761682965,2.354238352897949,-0.6831127813097873,0.8112940646712958,0.9283033901200766
1,0,0.4432453347002318,0.7371602248006268,-0.4555248590082706,-0.25918630872503556,-0.188490413309042
0,0,-1.2522660922824733,-1.014674413971504,0.0995676344100628,-0.08910998771814158,-0.9592354325770253
0,0,-0.8533222271100637,-1.3515656906584494,0.5436416291447296,-0.9194826138106228,-1.6670624910884384
1,0,1.1413970987519555,0.06337767142673618,-0.8385386794669206,0.991374875149183,-0.9435059423878827
1,0,0.1939054189674794,0.4002689481136815,-0.8607423792036539,0.8713210014972584,-1.3210137069273031
0,1,0.8421891998726413,-0.07137883924807259,-0.03365456401033721,0.09097082275974562,-0.031195511417616863
1,0,-0.40451037879112073,0.13075592676410228,0.3882157309875962,-0.6793748665067726,0.7552789980395088
1,0,0.7424532335795461,0.4002689481136815,-0.9162516285454874,0.6712312120773835,-1.195177785414163
1,0,1.0915291156053937,0.8719167354753973,-0.8718442290720206,0.6412177436644018,-0.21994939368732705
0,0,-0.30477441249802545,-0.47564837127238396,-0.02810363907615387,-0.2491818192540417,-1.0850713540901653
1,0,-0.055434496765273025,0.8719167354753973,1.4595442432849797,-1.5597699399542229,0.6766315470937962
0,1,0.6925852504329842,0.4002689481136815,-0.41666838446898724,-0.25918630872503556,-0.5345391974701773
1,0,-0.6039823113773113,-0.20613534992284305,2.2977339083466632,-1.9399405398519851,-1.3052842167381606
0,1,-0.3546423956445589,-0.9472961586340998,-0.5054831834159206,1.2114736435110458,-0.5817276680376049
1,0,1.241133065045051,0.6024037141258181,-0.3445063603246039,-0.07910549824714767,0.5665251157697987
1,0,-0.8533222271100637,-0.7451613926219632,-1.493547821700554,1.2715005803370083,-1.0064239031444528
1,0,-0.7037182776704066,-0.3408918605976135,0.8211878758538962,-1.069549955875529,-0.9592354325770253
0,1,0.5928492841398889,0.6024037141258181,-0.6387053818363206,0.5211638700124772,-0.6289161386050324
1,0,1.7896808796571175,1.3435645228371131,1.598317366639563,-1.669819324135154,-0.07838398198504441
1,0,-1.3520020585755685,-1.0820526693089085,-0.37226098499552057,0.13098878064372046,-0.644645628794175
1,0,-1.3021340754290351,-1.014674413971504,1.348525744601313,-1.4097025978893167,-0.8491290012530276
0,1,1.0915291156053937,0.8045384801379929,0.6879656774334962,-1.0395364874625477,0.11036990028466577
0,1,0.293641385260603,0.4676472034510476,-0.4555248590082706,-0.3292177350219914,1.3372701350377818
1,0,1.989152812243308,2.0173470762110037,-1.0494738269658874,2.1118776959004832,-0.31432633482218214
0,1,-0.40451037879112073,-0.7451613926219632,-0.10026566322053722,0.23103367535365796,1.6833189191989173
1,0,1.1912650818984891,1.2761862674997086,0.7323730769069628,-1.0095230190495668,1.5102945271183497
0,1,0.2437734021140412,-0.47564837127238396,0.2771972323039295,-0.5092985454998793,-0.2671378642547546
0,1,0.8920571830192031,0.4676472034510476,-0.660909081573054,1.201469154040052,-0.31432633482218214
0,1,1.4406049976312414,1.545699288849288,-1.110534001241904,1.2114736435110458,0.5822546059589412
0,1,-1.4018700417221304,-1.1494309246462746,1.315220194996213,-1.1996083189984479,-1.0221533933335953
0,1,1.9392848290967462,2.084725331548408,-1.0883303015051706,2.141891164313464,-1.4783086088187283
1,0,1.241133065045051,0.7371602248006268,-0.2556915613776706,-0.09911447718913546,0.4564186844458011
0,1,-1.2522660922824733,-0.7451613926219632,-0.022552714141970538,-0.2291728403120539,-1.5097675891970133
0,1,-0.2549064293514636,-0.6104048819471545,-0.660909081573054,0.9513569172652081,-1.619874020521011
0,0,0.7923212167261079,-0.07137883924807259,-0.6442563067705039,1.361540985575952,-0.20421990349818453
0,1,-0.9031902102566255,-0.7451613926219632,-0.727520180783254,-0.11912345613112324,-1.383931667683873
0,1,-0.6538502945238731,0.06337767142673618,0.5824981036840129,-0.589334461267829,-0.9749649227661678
1,0,-0.5541143282307779,-0.9472961586340998,-0.6997655561123373,0.6512222331353957,0.22047633160866337
1,0,-0.9031902102566255,-1.48632220133322,1.4706460931533463,-1.4897385136572663,0.0002634689606681657
0,0,0.04430146952785062,0.9392949908127634,-0.11691843802308721,0.6912401910193705,-0.33005582501132463
0,0,0.34350936840713653,0.13075592676410228,1.8758636133487296,-1.5197519820702476,-0.6918340993616025
0,1,0.3933773515536983,0.4676472034510476,-0.48327948367918727,0.3010651016506145,0.4878776648240861
1,0,0.04430146952785062,0.9392949908127634,2.0590441361767797,-1.6998327925481354,0.7080905274720813
1,0,2.03902079538987,2.2194818422231783,-0.4444230091399039,1.0313928330331579,-1.0850713540901653
1,0,-1.4018700417221304,-1.0820526693089085,1.631622916244663,-1.4797340241862729,0.1418288806629508
0,1,1.0915291156053937,1.0066732461501677,-0.33340451045623726,-0.04909202983416672,-1.1322598246575928
1,0,0.34350936840713653,0.6024037141258181,-0.10026566322053722,-0.059096519305160605,-0.73902256992903
0,1,-0.15517046305836832,0.33289069277627714,-0.2612424863118539,-0.0691010087761545,0.362041743310946
0,1,0.34350936840713653,0.06337767142673618,-0.9551081030847707,1.2614960908660144,0.9283033901200766
1,0,-0.4543783619376542,0.26551243743887276,-0.11136751308890389,0.5311683594834704,-0.25140837406561206
1,0,0.4432453347002318,0.4676472034510476,-1.0383719770975206,0.6412177436644018,1.6361304486314896
1,0,0.3933773515536983,0.6024037141258181,1.0709794978921463,-1.429711576831304,0.01599295914981068
1,0,-0.7037182776704066,-0.4082701159350179,0.7101693771702295,-0.4392671192029228,1.2114342135246419
0,1,-0.7037182776704066,-0.3408918605976135,0.14952595881771283,-0.18915488242807907,-0.2985968446330396
1,0,-0.4543783619376542,-0.7451613926219632,0.7823314013146129,-1.2796442347663979,0.03172244933895319
1,0,0.293641385260603,1.0740515014875722,2.35879408262268,-1.8599046240840353,-1.4625791186295858
0,1,0.5928492841398889,1.0066732461501677,-0.22793693670675388,0.9513569172652081,-1.651333000899296
1,0,0.34350936840713653,0.535025458788452,2.1423080101895295,-1.7998776872580728,-0.5345391974701773
1,0,-0.7037182776704066,-0.4082701159350179,-1.2382052747281207,1.1414422172140892,-0.8805879816313127
1,0,-1.9504178563341688,-1.9579699886949358,1.9924330369665797,-1.7298462609611165,-1.383931667683873
0,1,-0.2050384462049018,-0.6104048819471545,0.11622040921261281,-0.28919977713801653,-0.5502686876593198
0,1,-0.40451037879112073,-1.0820526693089085,-0.005899939339420535,-0.19915937189907296,-0.15703143293075697
1,0,-1.4018700417221304,-1.418943945995854,1.5872155167711963,-1.5397609610122351,0.5350661353915137
0,1,0.7424532335795461,0.4002689481136815,0.5491925540789129,-0.8094332296296918,0.4564186844458011
1,0,-1.2522660922824733,-1.014674413971504,0.8433915755906296,-0.6893793559777665,-1.5569560597644407
0,0,-1.0527941596962826,-1.48632220133322,0.5325397792763629,-0.5993389507388229,0.5350661353915137
0,0,1.0416611324588603,0.4676472034510476,-1.360325623280154,2.2419360590234017,-0.10984296236332944
1,0,-0.8533222271100637,-1.3515656906584494,-1.6489737198576875,2.2019181011394267,-0.15703143293075697
1,0,-0.2050384462049018,-0.5430266266097884,-0.6331544569021372,0.591195296309433,0.39350072368923106
0,0,0.4432453347002318,0.8719167354753973,-1.3547746983459708,1.8917789275386203,-0.4873507269027498
1,0,2.03902079538987,2.152103586885774,-0.960659028018954,0.6612267226063896,-1.1479893148467355
1,0,0.293641385260603,-0.4082701159350179,-0.3611591351271539,0.07096184381775855,-0.33005582501132463
1,0,0.9917931493122984,0.535025458788452,2.014636736703313,-1.6598148346641604,1.2586226840920693
0,1,2.088888778536403,2.2868600975605444,0.965511924142663,-1.6498103451931665,-0.9120469620095977
1,0,1.1413970987519555,1.0740515014875722,-0.7830294301250873,0.9113389593812333,0.17328786104123584
1,0,-0.7535862608169684,-0.5430266266097884,2.4642616563721633,-1.9799584977359603,0.09464041009552325
0,0,-1.1525301259893779,-1.1494309246462746,-0.28344618604858723,0.10097531223073951,-0.10984296236332944
0,0,-0.8533222271100637,-0.6777831372845589,1.5761136669028297,-1.4097025978893167,1.1485162527680717
1,0,0.5928492841398889,0.535025458788452,-0.33340451045623726,0.1209842911727273,0.7395495078503663
0,1,-0.2050384462049018,0.13075592676410228,0.4492759052636129,-0.9995185295785729,-0.5974571582267474
0,1,1.2910010481916128,1.4109427781745174,-0.5221359582184706,0.20102020694067702,1.1485162527680717
0,0,-1.6512099574548829,-1.6884569673453949,0.3771138811192295,-0.6393569086227977,-1.1008008442793078
1,0,1.540340963924365,1.815212310198829,-1.0328210521633374,1.181460175098064,-0.1727609231198995
1,0,-0.6538502945238731,0.13075592676410228,0.14952595881771283,-0.6893793559777665,-0.6289161386050324
0,0,0.2437734021140412,1.0740515014875722,-0.35005728525878727,0.17100673852769604,-0.1727609231198995
0,1,0.9419251661657366,0.4676472034510476,-0.37226098499552057,0.7012446804903645,-0.5502686876593198
1,0,0.34350936840713653,0.535025458788452,-0.11136751308890389,0.3911055068895581,-0.8333995110638851
1,0,-0.1053024799118065,0.6024037141258181,0.0329565351998628,0.07096184381775855,0.912573899930934
0,1,-0.0055665136187112016,-0.3408918605976135,-0.6331544569021372,0.08096633328875173,1.1013277822006442
1,0,-0.6039823113773113,-0.13875709458543867,-0.2556915613776706,-0.1491369245441042,0.3777712335000885
0,1,-1.3520020585755685,-1.0820526693089085,-0.9384553282822207,1.0514018119751456,-0.5817276680376049
0,0,-0.5541143282307779,-1.0820526693089085,0.5158870044738129,-0.8194377191006853,-1.4311201382513006
0,1,-0.5541143282307779,-0.13875709458543867,-0.8163349797301873,0.31106959112160837,1.7305073897663448
0,1,1.0416611324588603,1.0066732461501677,-0.8662933041378373,1.361540985575952,0.0002634689606681657
1,0,-1.0029261765497208,-1.1494309246462746,0.02740561026567947,-0.5293075244418664,1.651859938820632
1,0,-1.2522660922824733,-1.0820526693089085,1.0210211734844963,-1.269639745295404,-0.644645628794175
1,0,1.8894168459502128,2.0173470762110037,-0.9662099529531373,1.9918238222485578,1.5260240173074922
0,1,0.49311331784679363,0.7371602248006268,-0.660909081573054,0.7412626383743393,0.9283033901200766
1,0,0.09416945267438409,-0.5430266266097884,-0.5998489072970373,1.1314377277430954,-0.8019405306856001
0,0,-0.055434496765273025,-0.13875709458543867,-0.7719275802567206,0.8713210014972584,0.17328786104123584
1,0,-1.102662142842816,-1.1494309246462746,-0.3445063603246039,0.48114591212850166,0.975491860687504
1,0,-0.5541143282307779,-0.0040005839106682,0.998817473747763,-1.269639745295404,-0.7862110404964575
1,0,-0.9031902102566255,-0.8125396479593293,0.4270722055268795,-0.6293524191518038,-1.446849628440443
0,1,1.241133065045051,1.0066732461501677,-1.0050664274924206,1.2715005803370083,0.4878776648240861
1,0,-1.0527941596962826,-0.7451613926219632,-0.810784054796004,0.060957354346764664,-0.9906944129553102
1,0,1.3408690313381462,1.1414297568249383,-0.3278535855220539,0.5211638700124772,-1.5726855499535832
0,1,1.7398128965105557,1.815212310198829,-0.760825730388354,0.7012446804903645,-1.3367431971164456
1,0,1.241133065045051,0.33289069277627714,-0.4222193094031706,0.3010651016506145,1.2743521742812118
1,0,0.8920571830192031,1.0066732461501677,-0.5332378080868373,0.3310785700635955,0.40923021387837355
0,1,-0.7535862608169684,-0.4082701159350179,-0.09471473828635388,0.7412626383743393,-1.383931667683873
1,0,1.1912650818984891,0.8045384801379929,-0.5054831834159206,1.0514018119751456,-0.8648584914421701
1,0,1.4406049976312414,0.7371602248006268,0.08846578454169614,-0.6093434402098168,-0.188490413309042
1,0,0.49311331784679363,0.6024037141258181,1.115386897365613,-1.1095679137595043,0.330582762932661
1,0,-0.7037182776704066,-0.4082701159350179,-0.07806196348380388,-0.21916835084106073,-0.8491290012530276
0,1,0.1939054189674794,0.8045384801379929,1.6205210663762963,-1.6598148346641604,0.39350072368923106
1,0,-0.8034542439635303,-1.2841874353210452,-0.7996822049276373,0.401109996360552,-0.25140837406561206
1,0,0.2437734021140412,-0.2735136052602091,1.2264053960492796,-0.9394915927526102,1.651859938820632
1,0,0.34350936840713653,0.7371602248006268,-0.5498905828893873,0.3010651016506145,0.6294430765263688
0,1,0.6925852504329842,0.4676472034510476,0.5547434790130962,-1.0195275085205602,0.29912378255437594
0,1,0.1939054189674794,-0.20613534992284305,-0.4055665346006206,-0.019078561421185754,1.1957047233354994
0,1,0.09416945267438409,0.9392949908127634,2.3365903828859462,-1.9099270714390042,-1.383931667683873
1,0,1.1413970987519555,0.8719167354753973,0.7934332511829796,-0.559320992854848,0.29912378255437594
0,0,0.09416945267438409,-0.07137883924807259,2.0368404364400465,-1.7098372820191292,0.8968444097417915
0,1,-1.2023981091359115,-1.014674413971504,-0.993964577624054,0.8613165120262646,-0.4873507269027498
1,0,-0.8533222271100637,-0.9472961586340998,-0.22238601177257056,-0.169145903486092,0.5350661353915137
1,0,1.241133065045051,0.19813418210150666,0.24944260763301282,-0.4492716086739167,0.7867379784177939
1,0,-0.5541143282307779,-0.6104048819471545,-0.48327948367918727,0.5511773384254582,1.3844586056052095
1,0,1.0915291156053937,0.6024037141258181,-0.044756413878703875,-0.2491818192540417,-0.7547520601181725
1,0,-1.4018700417221304,-1.418943945995854,-0.5443396579552039,0.0009304175208020274,1.368729115416067
1,0,-0.5042463450842161,-0.07137883924807259,0.5047851546054462,-0.5993389507388229,-0.25140837406561206
1,0,0.2437734021140412,0.9392949908127634,0.39931758085596286,-0.7293973138617413,-1.0064239031444528
1,0,-0.40451037879112073,-1.0820526693089085,0.22723890789627949,-0.7394018033327352,0.5350661353915137
1,0,0.34350936840713653,0.8045384801379929,-0.4555248590082706,1.1414422172140892,-0.73902256992903
1,0,-0.953058193403159,-1.418943945995854,-0.12246936295727055,0.08096633328875173,-0.9120469620095977
0,1,0.3933773515536983,0.19813418210150666,-0.44997393407408726,0.34108305953458934,-1.6985214714667234
1,0,1.390737014484708,1.6804557995240583,0.8600443503931796,-1.159590361114473,-0.6603751189833175
